Time,header.seq,header.stamp.secs,header.stamp.nsecs,header.frame_id,pose.position.x,pose.position.y,pose.position.z,pose.orientation.x,pose.orientation.y,pose.orientation.z,pose.orientation.w
1675181180.3947082,2194975,1675181180,397383117,optitrack_world,0.30901080765799166,-0.16931539579494911,-0.417632339157936,-0.4385891058575932,0.6270190052110561,0.6414948670297574,-0.054507787532134255
1675181180.4048028,2194976,1675181180,407581132,optitrack_world,0.3089566674819295,-0.16927960209915535,-0.417794239416504,-0.4380955938612005,0.6265945970077983,0.6422129042814508,-0.05490033892810725
1675181180.4150891,2194977,1675181180,417753598,optitrack_world,0.30893501085359826,-0.16935595701686346,-0.4177111707724331,-0.43785009226439003,0.6272016411144176,0.6417791450731393,-0.054999336692699435
1675181180.4253316,2194978,1675181180,427929606,optitrack_world,0.30893501085359826,-0.16935595701686346,-0.4177111707724331,-0.43785009226439003,0.6272016411144176,0.6417791450731393,-0.054999336692699435
1675181180.4354038,2194979,1675181180,438079518,optitrack_world,0.3090123569302993,-0.1705225681586141,-0.41748671632079276,-0.43557130633965646,0.6294434304740311,0.6412087288992608,-0.054129205703048654
1675181180.44564,2194980,1675181180,448270405,optitrack_world,0.30902935607219806,-0.17057051244409943,-0.41739994526069746,-0.43547612920285683,0.6298628462006398,0.6408057411019775,-0.05478446897863754
1675181180.455795,2194981,1675181180,458447810,optitrack_world,0.30902935607219806,-0.17057051244409943,-0.41739994526069746,-0.43547612920285683,0.6298628462006398,0.6408057411019775,-0.05478446897863754
1675181180.4660227,2194982,1675181180,468638939,optitrack_world,0.3089243110560835,-0.17060199200197823,-0.4171827239921031,-0.4346541892154414,0.6307487687756405,0.6404111377612999,-0.055725228727734846
1675181180.476268,2194983,1675181180,478830135,optitrack_world,0.30881122683141676,-0.17057111687708393,-0.4171464286413235,-0.4339830338310487,0.6308067944129326,0.640780789342653,-0.05604903637606509
1675181180.4864578,2194984,1675181180,489023380,optitrack_world,0.3088731362156531,-0.17055692314447246,-0.41706747307408865,-0.43410285837998397,0.6306596010354312,0.6408071581623702,-0.05647443683672604
1675181180.496514,2194985,1675181180,499216333,optitrack_world,0.3088869589641778,-0.17046755297820135,-0.41718663010049833,-0.43388615808094366,0.6294358746115537,0.6421223566566459,-0.05685209459168869
1675181180.5066986,2194986,1675181180,509412634,optitrack_world,0.30887105322389913,-0.16938747793464093,-0.416646873021792,-0.4367958720398949,0.6290612092784363,0.6402959170039801,-0.05926634642097752
1675181180.517023,2194987,1675181180,519626621,optitrack_world,0.30844117866984067,-0.16924177485460756,-0.41670304667688424,-0.43616533855168,0.6288203401901212,0.6411515651893152,-0.0571790841529485
1675181180.5271933,2194988,1675181180,529834320,optitrack_world,0.30872932551246085,-0.169343235041296,-0.4166240797603946,-0.4373925358859193,0.6273934140065205,0.6416904973789798,-0.0574332585358439
1675181180.5374146,2194989,1675181180,540025112,optitrack_world,0.30905341592056845,-0.17075282510130846,-0.41683472621428125,-0.43541158199329083,0.6264066327634576,0.6442842010381233,-0.05412349756541661
1675181180.547591,2194990,1675181180,550217196,optitrack_world,0.30952396402205173,-0.1705643087456606,-0.41659662371505846,-0.43817142948653076,0.6244494910401801,0.6442942752688869,-0.054346282091141264
1675181180.5576422,2194991,1675181180,560362276,optitrack_world,0.3087047116268993,-0.17061435325462,-0.41680025905384194,-0.43679681589010105,0.6236502478362732,0.6463420007336892,-0.05010916173312027
1675181180.5678644,2194992,1675181180,570507917,optitrack_world,0.30835615211318423,-0.1705003262579751,-0.4164825201500711,-0.4368280224082333,0.6234038165399022,0.6466927755982299,-0.04834681325023902
1675181180.5780857,2194993,1675181180,580685592,optitrack_world,0.3085700452303558,-0.17053993215026908,-0.4159683277293372,-0.4389667163597664,0.6224492974230348,0.6461577321406022,-0.048428083389791356
1675181180.588212,2194994,1675181180,590862491,optitrack_world,0.3087875004929682,-0.17058179578170446,-0.4158655053037527,-0.4407974014900172,0.620303173679118,0.6470455714914127,-0.047472644508323836
1675181180.5984693,2194995,1675181180,601040697,optitrack_world,0.3086584996810079,-0.17056753369008204,-0.4162329296978168,-0.44041986896084356,0.6171135065813967,0.6504621773239696,-0.045828101534825555
1675181180.608563,2194996,1675181180,611218910,optitrack_world,0.30766571327038744,-0.1708318858083906,-0.4165665134460338,-0.43771273952836237,0.6161891888773082,0.6535546754112613,-0.03980863490980284
1675181180.6186328,2194997,1675181180,621353161,optitrack_world,0.3079793234634127,-0.1707196410213223,-0.4162774371306846,-0.4404725676171301,0.6144585903431222,0.6534294481672888,-0.03813809379227438
1675181180.6287937,2194998,1675181180,631528509,optitrack_world,0.3079793234634127,-0.1707196410213223,-0.4162774371306846,-0.4404725676171301,0.6144585903431222,0.6534294481672888,-0.03813809379227438
1675181180.639024,2194999,1675181180,641675768,optitrack_world,0.3087856387651088,-0.1705632908724133,-0.41623346853264337,-0.4450018861879519,0.6089800968367348,0.6555668417814909,-0.03672436388186972
1675181180.6491063,2195000,1675181180,651817297,optitrack_world,0.30867145078837416,-0.17046933290562988,-0.41598683624195193,-0.4468669353717027,0.6073333675309609,0.6559456052778972,-0.03451790363881061
1675181180.65926,2195001,1675181180,661960164,optitrack_world,0.3081754252039341,-0.17045356353090169,-0.416117383580147,-0.4480411908698612,0.6030180746347075,0.6594071909736373,-0.028468393702910665
1675181180.669497,2195002,1675181180,672108127,optitrack_world,0.30819508902513154,-0.1704415163793664,-0.4159146537631819,-0.4497741019301977,0.6011013221725895,0.6600522508845644,-0.02667365399544941
1675181180.6795795,2195003,1675181180,682315651,optitrack_world,0.3084570522327827,-0.17070399113363519,-0.4160503178145145,-0.4517274504158998,0.5971912554327866,0.6623299502917772,-0.024979029641982755
1675181180.689791,2195004,1675181180,692461925,optitrack_world,0.30840027462777053,-0.17052056665726795,-0.41577930800975693,-0.4537915651838303,0.5956968514542562,0.6623733114091485,-0.021910565222613577
1675181180.6999187,2195005,1675181180,702597890,optitrack_world,0.30840027462777053,-0.17052056665726795,-0.41577930800975693,-0.4537915651838303,0.5956968514542562,0.6623733114091485,-0.021910565222613577
1675181180.7100525,2195006,1675181180,712746235,optitrack_world,0.30823536038758154,-0.17044980137388743,-0.4152840445286784,-0.4563590579458591,0.5923049675842263,0.6637923786982667,-0.01705618913806236
1675181180.7202222,2195007,1675181180,722891670,optitrack_world,0.30824627146416084,-0.17023328197572196,-0.4153655655077003,-0.45792878208910015,0.5891465195530632,0.6655631101636327,-0.0152759753278728
1675181180.7302933,2195008,1675181180,733006421,optitrack_world,0.308430593166148,-0.17029104535681344,-0.4151783784931592,-0.45959014164882434,0.5874022952131939,0.6660022819827779,-0.01328177967057419
1675181180.7404652,2195009,1675181180,743152401,optitrack_world,0.3086841679798357,-0.170609263417073,-0.41540377188796435,-0.4601800292383905,0.5838983193134816,0.6686972454346543,-0.011878019243600798
1675181180.7505958,2195010,1675181180,753263962,optitrack_world,0.30839918926933513,-0.1705486729286304,-0.41493515574810075,-0.4608342832252162,0.5837959417069989,0.6683664568659636,-0.01001704483255543
1675181180.7606769,2195011,1675181180,763440909,optitrack_world,0.30976538816367644,-0.1703008615797873,-0.414386275691015,-0.467438284402633,0.5796386666164023,0.6673213001907224,-0.014238986959968607
1675181180.7709723,2195012,1675181180,773627631,optitrack_world,0.309726618685268,-0.17025992018535407,-0.4140729573706994,-0.46863191892273776,0.5785914313010742,0.6674259146973106,-0.012598753201216959
1675181180.7811427,2195013,1675181180,783819145,optitrack_world,0.3042500190973712,-0.16912501033665883,-0.41556264989598873,-0.4497264857899451,0.5824035219560103,0.6771400020721909,0.00580027464304089
1675181180.7913163,2195014,1675181180,794006960,optitrack_world,0.30423031962879604,-0.16908304178021066,-0.41517163368018695,-0.4505667651923918,0.5822432030317369,0.676714096913033,0.006361891745856544
1675181180.8015292,2195015,1675181180,804178844,optitrack_world,0.3041745956035403,-0.16903983854795604,-0.4148319753879162,-0.45105167233376137,0.5820442909958395,0.6765637696978184,0.006188516489833278
1675181180.811707,2195016,1675181180,814378785,optitrack_world,0.3043015586468155,-0.16914121210273225,-0.41432371083097175,-0.4514957010891656,0.5824775228718693,0.6759066612767886,0.004663956337526042
1675181180.8217955,2195017,1675181180,824572930,optitrack_world,0.3042676322020641,-0.1691669716624442,-0.4138351733800831,-0.4516163701145066,0.5834825260965549,0.6749648322176147,0.0036429732399878754
1675181180.8322043,2195018,1675181180,834765138,optitrack_world,0.3039426640740567,-0.16915737124498817,-0.4133770612685513,-0.45037759703662367,0.5852269501413027,0.6742844281340096,0.0031538693406264204
1675181180.8423522,2195019,1675181180,844952985,optitrack_world,0.30337438350308354,-0.1691462267051255,-0.41304526256246105,-0.4478681538424547,0.5873525247390476,0.6741095398282982,0.0027307084974065245
1675181180.8524292,2195020,1675181180,855097059,optitrack_world,0.30326926500724294,-0.1692343891636378,-0.41265959637843014,-0.4467223183615681,0.5890900640650496,0.6733575862262846,0.0012758405124647016
1675181180.8626115,2195021,1675181180,865290713,optitrack_world,0.30330894814314674,-0.16918783264739623,-0.4127551071470228,-0.44494953347232974,0.5884821644564787,0.6750618667276784,-0.0003617589198853106
1675181180.8727767,2195022,1675181180,875441925,optitrack_world,0.3027948716251632,-0.1690656582304647,-0.41268447557692034,-0.4421333424628505,0.589218714876552,0.6762686708726902,0.0003135569124490804
1675181180.8828168,2195023,1675181180,885566036,optitrack_world,0.30271191288802696,-0.16896867085987705,-0.4126157266181827,-0.44163519777867977,0.5883425763239399,0.6773560951794718,0.00029204573883585984
1675181180.8930533,2195024,1675181180,895719932,optitrack_world,0.30282563763318804,-0.16890148809410616,-0.41238540549682595,-0.4424723833781506,0.5874485889696717,0.6775856689983423,-8.020766597668076e-05
1675181180.903073,2195025,1675181180,905821626,optitrack_world,0.3032624083483319,-0.16916898833096072,-0.41206705474227723,-0.4446072395244019,0.5863661713973704,0.6771246042550478,-0.001177249219798225
1675181180.913375,2195026,1675181180,916013027,optitrack_world,0.30315360687141285,-0.16925701579761596,-0.4114260826351712,-0.44561816035804985,0.5873706986027677,0.6755879995636468,-0.0009861174342195272
1675181180.9234626,2195027,1675181180,926147950,optitrack_world,0.3056842613290549,-0.17024506376761708,-0.4099020537607497,-0.45579509874277113,0.587441062992313,0.6686506073355852,-0.008377993929449767
1675181180.933631,2195028,1675181180,936277875,optitrack_world,0.30537231092306605,-0.17028690359715065,-0.40940149120558716,-0.4551725173020847,0.58921870265979,0.6675043769218345,-0.008786735400068664
1675181180.943801,2195029,1675181180,946415487,optitrack_world,0.3023821879642503,-0.16924432597677697,-0.41003488921934017,-0.44427151292959705,0.5919746114893298,0.6724452559483889,-0.002501979977876752
1675181180.9539623,2195030,1675181180,956602364,optitrack_world,0.3020407701954904,-0.16921684778828416,-0.4095617459120642,-0.4423729588828456,0.5946603689244255,0.671320055185926,-0.003820259816781263
1675181180.964056,2195031,1675181180,966747002,optitrack_world,0.30411046758335974,-0.17007401999455585,-0.4082861364712105,-0.4482552082878301,0.5965498922789697,0.6656213051455661,-0.011990512962199468
1675181180.9742742,2195032,1675181180,976936043,optitrack_world,0.30376433568732886,-0.1701597779979887,-0.4077876050544218,-0.4454181114927472,0.599941567181401,0.6644320210654852,-0.014244693924186307
1675181180.9843667,2195033,1675181180,987078134,optitrack_world,0.30362452005446816,-0.16999550170145505,-0.40745472594782267,-0.44282058118183637,0.6020576005330743,0.6641738388245461,-0.01759802100247884
1675181180.9945953,2195034,1675181180,997268788,optitrack_world,0.3034487988392533,-0.17004750573813954,-0.4068248283809513,-0.4404177901355403,0.6057344336920475,0.6623648781240301,-0.01976699773967799
1675181181.004765,2195035,1675181181,7410743,optitrack_world,0.30349174246168376,-0.17009265623092795,-0.40648124105481115,-0.4380947694065725,0.6076237137678772,0.6620856533808215,-0.02256065320033259
1675181181.0148551,2195036,1675181181,17596242,optitrack_world,0.303171043886549,-0.17008327141095808,-0.40616348170718414,-0.43475876341462355,0.6097805656683216,0.662255565798559,-0.023875613840054016
1675181181.0252595,2195037,1675181181,27783933,optitrack_world,0.30298117708377553,-0.17004270883251033,-0.40586920866322146,-0.4330284110769541,0.6109916243617843,0.6622613321026984,-0.024198309062329726
1675181181.0352817,2195038,1675181181,37921074,optitrack_world,0.30243163267715256,-0.17003655362101244,-0.40549206020718426,-0.4307699824107299,0.6128249307692468,0.6621034985810044,-0.022400527858094457
1675181181.0454237,2195039,1675181181,48108088,optitrack_world,0.3023425637987149,-0.16983065836085603,-0.4053185245190546,-0.43029236283811945,0.6120488363569098,0.6631542706005832,-0.021705247788247627
1675181181.0555465,2195040,1675181181,58246120,optitrack_world,0.30221969787878866,-0.16977402741742673,-0.40490261204145295,-0.4303674113341778,0.6121319867538197,0.6630665757393447,-0.020519215180897526
1675181181.065858,2195041,1675181181,68436610,optitrack_world,0.3022155876619765,-0.16982482201929155,-0.40470855917807086,-0.4308732193758348,0.6111937040361173,0.6636566691909764,-0.018717649682950144
1675181181.076023,2195042,1675181181,78575441,optitrack_world,0.3019576219628423,-0.16985285633204739,-0.4045098824453083,-0.430772089800592,0.610323616965687,0.6645791460368424,-0.01658456739542632
1675181181.0861492,2195043,1675181181,88713209,optitrack_world,0.30182048042083404,-0.16999374536508455,-0.4043887986033059,-0.43053239625821244,0.6088822761097209,0.6661055077255859,-0.014411182784444707
1675181181.096304,2195044,1675181181,98913877,optitrack_world,0.3018107451247756,-0.1699806394204827,-0.4042341519184635,-0.43157815227157265,0.6069982246688684,0.667183110961805,-0.012655045556010915
1675181181.1064742,2195045,1675181181,109098760,optitrack_world,0.3015839298786307,-0.16992081465912895,-0.4040170455107859,-0.4312749673811352,0.6065442300490288,0.6678383997155947,-0.009892996004506459
1675181181.1165898,2195046,1675181181,119261400,optitrack_world,0.3018100305673332,-0.17000268514910205,-0.4037855333249171,-0.4325262135256187,0.6055083884205142,0.6679851187002094,-0.008749134851507029
1675181181.126852,2195047,1675181181,129403382,optitrack_world,0.30188816498713344,-0.16988132435602496,-0.40370688791646847,-0.43258684697368677,0.6035669483100891,0.669711753357528,-0.007856598996769257
1675181181.1368675,2195048,1675181181,139544983,optitrack_world,0.3023027244124203,-0.16954463934756098,-0.4042876379689312,-0.43284739743426687,0.597815343198006,0.674677642602065,-0.008368066942395613
1675181181.1470716,2195049,1675181181,149730386,optitrack_world,0.3021280429518814,-0.16978923796158035,-0.40424271937215606,-0.43218698146583756,0.5968531271260895,0.675978587875507,-0.005805723476988466
1675181181.1572978,2195050,1675181181,159918569,optitrack_world,0.305966910118876,-0.1706893434466355,-0.40257903336501266,-0.4454743943652042,0.5927403672535884,0.6707167627632517,-0.01872018005842264
1675181181.167412,2195051,1675181181,170065925,optitrack_world,0.30595370166397606,-0.17063994753683626,-0.4022691211590578,-0.44606366581304485,0.5921944563476509,0.6708478893590295,-0.017205849443537594
1675181181.17758,2195052,1675181181,180256825,optitrack_world,0.3058567099608323,-0.17058034420236257,-0.401908854175004,-0.4466979784509613,0.5917892855593713,0.6708320845134187,-0.015187887685088563
1675181181.1877356,2195053,1675181181,190446470,optitrack_world,0.305761480443771,-0.17120924269570098,-0.40051709531274754,-0.4482406541245583,0.595389644559164,0.6665875989708694,-0.0158889911558881
1675181181.1979215,2195054,1675181181,200631570,optitrack_world,0.30168874408063,-0.1699486433383049,-0.40208587982986793,-0.43467629502411187,0.5972978679004997,0.6740099480897428,0.0015379927472665257
1675181181.2081282,2195055,1675181181,210825386,optitrack_world,0.30143766670191174,-0.16924232724700972,-0.40322845484609915,-0.432749710278016,0.5925167023420436,0.6794118129052111,0.0071578058689561325
1675181181.2183106,2195056,1675181181,220964764,optitrack_world,0.30285799052374657,-0.1693287692313815,-0.4028963766397851,-0.4376244668156022,0.5897846677886565,0.6786916970546435,0.00405611080618953
1675181181.2284672,2195057,1675181181,231148510,optitrack_world,0.3051827762010694,-0.17056247340970632,-0.40147367651305976,-0.4447908042874472,0.5894167818773338,0.6743458505422133,-0.0025829284140821427
1675181181.2386453,2195058,1675181181,241334376,optitrack_world,0.30536899569781567,-0.17015418382033365,-0.4018081800456535,-0.4442259924395257,0.5856931472929294,0.6779554377762911,-0.001797009955090834
1675181181.2488508,2195059,1675181181,251572809,optitrack_world,0.3058192070987375,-0.17007757784130095,-0.4016967087030586,-0.44568224097671366,0.5838266017613234,0.6786116109523118,-0.0003473247873006399
1675181181.2590554,2195060,1675181181,261760510,optitrack_world,0.30559641147916017,-0.16999735294530252,-0.4015341839423854,-0.4448755006468184,0.5839669272531621,0.6790100964328728,0.0037021265461120163
1675181181.2692432,2195061,1675181181,271946655,optitrack_world,0.3044217662194039,-0.17041514579921374,-0.40089276767190635,-0.44088021877468514,0.5883417428055665,0.6777959409886433,0.008443266252705446
1675181181.2794313,2195062,1675181181,282141922,optitrack_world,0.3038002873373486,-0.17024068266584158,-0.4003544324050212,-0.4375182659192472,0.5910631385262484,0.6775401806655525,0.012705780031392722
1675181181.2897458,2195063,1675181181,292337179,optitrack_world,0.3044337120360674,-0.17056850311811064,-0.3996263032383138,-0.4383226852838232,0.5932180522252718,0.6751725403035197,0.010373374558224506
1675181181.2998457,2195064,1675181181,302527514,optitrack_world,0.30419713862579223,-0.17056394690091092,-0.39919413265622394,-0.4356476710507043,0.5963803345620612,0.6741179922732785,0.010321615628634382
1675181181.3100371,2195065,1675181181,312726903,optitrack_world,0.3037971789209353,-0.17057891202062855,-0.39884092561804585,-0.43214237639206254,0.600132653277801,0.6730455806492076,0.010169137846373955
1675181181.3202305,2195066,1675181181,322914295,optitrack_world,0.30356934833032173,-0.17051567079409202,-0.39796760884740984,-0.42953119000231105,0.6056287380278811,0.669815769048732,0.007976466862612835
1675181181.3304996,2195067,1675181181,333096031,optitrack_world,0.30356934833032173,-0.17051567079409202,-0.39796760884740984,-0.42953119000231105,0.6056287380278811,0.669815769048732,0.007976466862612835
1675181181.3406224,2195068,1675181181,343296424,optitrack_world,0.30356934833032173,-0.17051567079409202,-0.39796760884740984,-0.42953119000231105,0.6056287380278811,0.669815769048732,0.007976466862612835
1675181181.3508024,2195069,1675181181,353481335,optitrack_world,0.30360160989997254,-0.16996801722910287,-0.3977739987581657,-0.41743007959597905,0.611493239612717,0.6721808227246524,0.0010431287784397076
1675181181.3610592,2195070,1675181181,363690744,optitrack_world,0.30325036647005804,-0.1699670713302292,-0.3974444178035731,-0.41371311764100166,0.6144746443574594,0.6717604269949319,0.0005444787629420164
1675181181.3711421,2195071,1675181181,373835268,optitrack_world,0.30285031212108965,-0.17000750175221854,-0.39732841708485456,-0.41012783677663667,0.6161222144934596,0.6724483254868907,0.0013505030427836177
1675181181.381271,2195072,1675181181,383959251,optitrack_world,0.3027184223346323,-0.1700565941677713,-0.3968273557405428,-0.4088136220426599,0.6176944979364829,0.6718058285144638,0.00136324075364989
1675181181.3914206,2195073,1675181181,394142787,optitrack_world,0.30261146697222774,-0.17027802458860103,-0.3965076004126614,-0.4079684395675478,0.6181208307167746,0.6719229638128555,0.0028145429065347884
1675181181.4016192,2195074,1675181181,404287857,optitrack_world,0.3026563055748007,-0.17034263175309577,-0.3959849139071416,-0.4087317359662443,0.6184940808764566,0.6711124214991526,0.0033996535633880045
1675181181.4118903,2195075,1675181181,414479632,optitrack_world,0.3026392525751459,-0.17027235639976207,-0.39574317264848013,-0.40952446222119065,0.6177973280692145,0.6712636431287139,0.004614941662733134
1675181181.4220054,2195076,1675181181,424677208,optitrack_world,0.3015784102311245,-0.1701000006249732,-0.3954706215137085,-0.4060136634478826,0.6190105347512791,0.6722370761166898,0.00872791238777647
1675181181.4322183,2195077,1675181181,434881235,optitrack_world,0.30178361086600336,-0.16993859867889288,-0.3952729084501117,-0.4071444832805091,0.6172873838621564,0.6731441656048083,0.008160133030079115
1675181181.4424267,2195078,1675181181,445070588,optitrack_world,0.301712449928694,-0.16995866302785845,-0.3948339308074029,-0.4072364471360585,0.6175470184178664,0.6728519026473921,0.008029524954065162
1675181181.452589,2195079,1675181181,455216735,optitrack_world,0.30158721473004657,-0.16998747175792708,-0.3943651660407067,-0.4069280387263517,0.618484813829651,0.6721747519160214,0.008198124606379857
1675181181.4626179,2195080,1675181181,465356143,optitrack_world,0.3014149921258657,-0.16993799829036824,-0.3938804323206354,-0.40600987190941784,0.6195217030906379,0.671781035916917,0.007686552814339962
1675181181.4728267,2195081,1675181181,475533134,optitrack_world,0.3014149921258657,-0.16993799829036824,-0.3938804323206354,-0.40600987190941784,0.6195217030906379,0.671781035916917,0.007686552814339962
1675181181.4829657,2195082,1675181181,485692749,optitrack_world,0.3007864881604879,-0.16970347656913998,-0.39332171859234355,-0.40274727841733043,0.6209551168075127,0.6724152123638175,0.008194804434744267
1675181181.4933062,2195083,1675181181,495917919,optitrack_world,0.3007460518128639,-0.1697459352088729,-0.3928402869212372,-0.40255822923700074,0.6221880476148984,0.6714004770239472,0.007092596897282005
1675181181.5033658,2195084,1675181181,506093249,optitrack_world,0.3007460518128639,-0.1697459352088729,-0.3928402869212372,-0.40255822923700074,0.6221880476148984,0.6714004770239472,0.007092596897282005
1675181181.51355,2195085,1675181181,516285998,optitrack_world,0.30034138295143914,-0.16979974037366075,-0.39259783925199604,-0.39825583739078335,0.6220863667840547,0.674061951079201,0.006428557605050536
1675181181.5238805,2195086,1675181181,526478466,optitrack_world,0.3003158693278989,-0.1696700519362891,-0.3925806346390719,-0.398031556350422,0.6203219329706603,0.6758174978672673,0.006503014780124974
1675181181.5340307,2195087,1675181181,536628158,optitrack_world,0.300020366949183,-0.16968633752718976,-0.39224232111073093,-0.39840921138053303,0.6198831678962777,0.6759833905583481,0.007836717122415784
1675181181.5441957,2195088,1675181181,546824117,optitrack_world,0.2998295321770043,-0.17006175558973502,-0.3915086215165128,-0.39959319901982204,0.6211608582344124,0.6740844053714917,0.009730258452662954
1675181181.5544302,2195089,1675181181,557016231,optitrack_world,0.2998359024935665,-0.17020177883939142,-0.390754352812109,-0.4015155662060203,0.6218387528035629,0.6723193115110562,0.009410577839206187
1675181181.5646396,2195090,1675181181,567202972,optitrack_world,0.29988918518130525,-0.17018085906137853,-0.3904223266164495,-0.40257519497691313,0.6212758122075462,0.6722093521483806,0.0091741179090123
1675181181.5746162,2195091,1675181181,577342888,optitrack_world,0.299610108124715,-0.17010540560153348,-0.3901228309807471,-0.4017576373765054,0.6217124405858956,0.6722944320701798,0.009199925967741622
1675181181.5847504,2195092,1675181181,587488429,optitrack_world,0.29941704957677845,-0.17007781880797052,-0.3896932858872946,-0.4008833494856774,0.6229164475292245,0.6717125753279198,0.008357969194049852
1675181181.594998,2195093,1675181181,597631104,optitrack_world,0.29911015297277566,-0.17010859083460134,-0.389312622174135,-0.39887319468706073,0.6247273290555272,0.6712372474025677,0.0075164214031083875
1675181181.6052587,2195094,1675181181,607816174,optitrack_world,0.29884717391617205,-0.17019789708332955,-0.3887993708023336,-0.39714622052848536,0.6270172258368029,0.6701435117655781,0.005652580150514015
1675181181.615394,2195095,1675181181,618021445,optitrack_world,0.2985452980510014,-0.17032654779770545,-0.388151466539991,-0.39508280658353717,0.6297923736209619,0.6687724653236852,0.0038120461474809852
1675181181.6256092,2195096,1675181181,628221885,optitrack_world,0.29817414408057186,-0.17030594956014755,-0.38773784857884513,-0.3925779923500586,0.6316423082448136,0.6685095446211147,0.002345870420786029
1675181181.6357353,2195097,1675181181,638363644,optitrack_world,0.29791448264977927,-0.17029403538694218,-0.3872496553603825,-0.3904174513590234,0.6331179662041743,0.668382849377713,0.0004703206822071901
1675181181.6459239,2195098,1675181181,648545445,optitrack_world,0.298723322738573,-0.17075436344426698,-0.38647050585496145,-0.3927218972344271,0.6336063603954688,0.6665556399449858,-0.004008784919380888
1675181181.6559932,2195099,1675181181,658733314,optitrack_world,0.29832538525663593,-0.1705974253512737,-0.3861304473096231,-0.39127174120392316,0.6341457148932639,0.6668976116609127,-0.0036348835926377178
1675181181.6662853,2195100,1675181181,668877144,optitrack_world,0.2981008992381905,-0.17050026797504758,-0.3855631271977088,-0.3911972307919583,0.6346332818889503,0.6664745300023066,-0.004126135936689663
1675181181.676429,2195101,1675181181,679052985,optitrack_world,0.2981008992381905,-0.17050026797504758,-0.3855631271977088,-0.3911972307919583,0.6346332818889503,0.6664745300023066,-0.004126135936689663
1675181181.6864567,2195102,1675181181,689271738,optitrack_world,0.2977694075911198,-0.17050967943730513,-0.38443521730824304,-0.3915041712953401,0.6352967899690981,0.6656634870197213,-0.0038202829808736804
1675181181.6968455,2195103,1675181181,699409252,optitrack_world,0.2979077164516656,-0.17040576145582564,-0.3843331908911367,-0.39194142591122655,0.6327927572353105,0.66778464521881,-0.00434886826610302
1675181181.7068539,2195104,1675181181,709538073,optitrack_world,0.2979077164516656,-0.17040576145582564,-0.3843331908911367,-0.39194142591122655,0.6327927572353105,0.66778464521881,-0.00434886826610302
1675181181.716926,2195105,1675181181,719671311,optitrack_world,0.297744483892358,-0.1703396721582533,-0.38354304800629924,-0.3943863361973833,0.6305878364883765,0.6684413047501591,-0.002149511018368203
1675181181.7272642,2195106,1675181181,729853494,optitrack_world,0.2969475918162791,-0.17049491589827098,-0.38312269313976804,-0.3931753387160541,0.631406766995852,0.6683795712185426,0.0027196314233819733
1675181181.7373886,2195107,1675181181,740035171,optitrack_world,0.2970767427610705,-0.17072844375048868,-0.38280401012472043,-0.39480207912332654,0.6297319160065438,0.6689968041546553,0.003508320607308281
1675181181.7474496,2195108,1675181181,750167411,optitrack_world,0.2969665166311851,-0.1705963210493389,-0.38234255242363024,-0.3960541105325359,0.6287753539207221,0.6691526056425467,0.0041816496676163675
1675181181.7577465,2195109,1675181181,760360691,optitrack_world,0.296818376717125,-0.1704648471836792,-0.38201679956017537,-0.3963952623145625,0.6278911658244152,0.6697758998406618,0.004870717283687528
1675181181.7678864,2195110,1675181181,770492692,optitrack_world,0.2969538889034827,-0.17061473731567028,-0.381422795282926,-0.397813070514772,0.6275373592475826,0.6692738774789727,0.003755076622472418
1675181181.777997,2195111,1675181181,780670588,optitrack_world,0.2967814834104829,-0.17066632052355207,-0.38094798188104456,-0.3979520337651244,0.6276765318404358,0.6690621373395437,0.0034937912939196326
1675181181.7881699,2195112,1675181181,790798500,optitrack_world,0.2967399801434616,-0.1706166530221056,-0.3806472123144044,-0.3974910090200957,0.6268971004647551,0.670071942675054,0.0021248098145826297
1675181181.7984087,2195113,1675181181,800973807,optitrack_world,0.2964877190043984,-0.17058113731190627,-0.38010675251026715,-0.3974277145551455,0.6277654972066691,0.669295120109771,0.002394664399169796
1675181181.8085105,2195114,1675181181,811147973,optitrack_world,0.2963330149140797,-0.17057263374912376,-0.37978426874624804,-0.3969446324724264,0.6281129195486331,0.6692566185944605,0.002167375124763614
1675181181.8185444,2195115,1675181181,821275612,optitrack_world,0.29617279897547955,-0.17050535134942937,-0.37939623365705133,-0.39638464339656326,0.6285881983365829,0.669143706383141,0.0016708079425732272
1675181181.8287961,2195116,1675181181,831458310,optitrack_world,0.2960668716002928,-0.17052991871519396,-0.378990022791608,-0.3959545083418512,0.6293334722936746,0.6686988596402723,0.001114939616717311
1675181181.8389547,2195117,1675181181,841604489,optitrack_world,0.29592177557097343,-0.17051525475181004,-0.37862685545251046,-0.39493523097471506,0.629771054713608,0.6688905406376655,0.00016317263786288353
1675181181.8492036,2195118,1675181181,851834393,optitrack_world,0.2955680629788022,-0.17043165058921156,-0.37818265900957104,-0.39359324845293897,0.6308480413945758,0.6686664190566652,0.0005687414408612574
1675181181.859317,2195119,1675181181,862042409,optitrack_world,0.295309589409903,-0.17049922778029647,-0.3773273963348495,-0.3926471725281823,0.6311611829613473,0.6689270152357345,-0.0006382133404720525
1675181181.8694623,2195120,1675181181,872185387,optitrack_world,0.29503139953589136,-0.17078966923204425,-0.37678013391130827,-0.3919181177058484,0.631798488037496,0.6687530164146053,-0.0005124098022607276
1675181181.8795671,2195121,1675181181,882301754,optitrack_world,0.29439187933750666,-0.17059244986980088,-0.3766397967025748,-0.3903560139113716,0.6312676413450927,0.6701633741942161,0.0020974466504846694
1675181181.8898082,2195122,1675181181,892480746,optitrack_world,0.29440929087328793,-0.17059425885451043,-0.3762728834732202,-0.39173759869079444,0.6302610836024088,0.6703052544606786,0.0018671129297501015
1675181181.8999882,2195123,1675181181,902604956,optitrack_world,0.29429671485729536,-0.17086947761040602,-0.37569411607032616,-0.3924715945966914,0.6304702810771854,0.6696758232068671,0.0027502591496158728
1675181181.9100742,2195124,1675181181,912760620,optitrack_world,0.2936367182429963,-0.1707636383680811,-0.3751859583526455,-0.3911570419217564,0.6313748486837962,0.6695869863558512,0.0039034225269572974
1675181181.920236,2195125,1675181181,922908280,optitrack_world,0.2936367182429963,-0.1707636383680811,-0.3751859583526455,-0.3911570419217564,0.6313748486837962,0.6695869863558512,0.0039034225269572974
1675181181.9304833,2195126,1675181181,933108142,optitrack_world,0.2932981799970724,-0.17074852535546153,-0.3741259770902346,-0.39219858444584926,0.6321346780472222,0.6682604929349962,0.0037326600545503643
1675181181.940566,2195127,1675181181,943269467,optitrack_world,0.29315797518676046,-0.17066502183814844,-0.37375595626789404,-0.39212038681214,0.6321386532599045,0.668307043782844,0.0028320542522579256
1675181181.9507098,2195128,1675181181,953408959,optitrack_world,0.29284193831901023,-0.17062996494703142,-0.3732102966504448,-0.3912787336661105,0.633063378377361,0.6679278133058901,0.0020366026856568444
1675181181.9608088,2195129,1675181181,963539057,optitrack_world,0.2925981203667569,-0.170958478637965,-0.3721284989078246,-0.3903812597898177,0.63551472780403,0.6661245467285898,-0.001261346389852161
1675181181.9709978,2195130,1675181181,973670367,optitrack_world,0.29204793646291377,-0.17076576644341415,-0.372044114383848,-0.3888253018931716,0.6356376180219676,0.6669180184719387,-0.0002445414200019979
1675181181.9812367,2195131,1675181181,983855852,optitrack_world,0.29184072920342663,-0.17072372119713963,-0.3715761469601715,-0.38817905429883404,0.6361136105176635,0.6668395058149605,-0.0012529175169745971
1675181181.991286,2195132,1675181181,993983498,optitrack_world,0.2915223382013704,-0.17084247766285565,-0.3712204188379423,-0.3871988563741857,0.6366775707099965,0.6668700993162623,-0.0017283562302293338
1675181182.001472,2195133,1675181182,4120538,optitrack_world,0.2913190325788452,-0.1707434832041117,-0.3708419810139707,-0.3865813248442606,0.6363830621560517,0.6675067205460391,-0.0025011014403800535
1675181182.0116842,2195134,1675181182,14311984,optitrack_world,0.29118980954231943,-0.17058345091351157,-0.37059772299946603,-0.3862498224217715,0.635459313260297,0.6685752907417812,-0.0031010448955756742
1675181182.0216753,2195135,1675181182,24426333,optitrack_world,0.2909954889979118,-0.17046470264603988,-0.3702215305442612,-0.3861149759484371,0.635119991286475,0.6689750186272533,-0.003201010664169733
1675181182.0318959,2195136,1675181182,34565817,optitrack_world,0.2908332638544029,-0.17038182877557106,-0.36957859090275824,-0.386311072475563,0.6354109550493338,0.6685820040903302,-0.0038441244297665986
1675181182.0419524,2195137,1675181182,44730896,optitrack_world,0.29054060416962346,-0.17036241313439654,-0.3690663515894941,-0.3863438727892618,0.6359893649027215,0.6680189492360941,-0.002573548198991422
1675181182.0522916,2195138,1675181182,54896843,optitrack_world,0.28998028892604083,-0.17035998351978437,-0.3685243781181598,-0.3849352939620051,0.636926130636757,0.6679429219786341,-0.0014753145827037643
1675181182.062365,2195139,1675181182,65083412,optitrack_world,0.2897712243702185,-0.17031781588755243,-0.36810239005948886,-0.385008561460465,0.6368378968473422,0.6679859549850675,-0.0008152814757481896
1675181182.072599,2195140,1675181182,75261528,optitrack_world,0.2897712243702185,-0.17031781588755243,-0.36810239005948886,-0.385008561460465,0.6368378968473422,0.6679859549850675,-0.0008152814757481896
1675181182.0827622,2195141,1675181182,85399848,optitrack_world,0.28899927579601525,-0.17029946823038988,-0.36731334074276717,-0.38375522203268186,0.6368523819179339,0.6686918599350735,0.0014729781645769614
1675181182.0929232,2195142,1675181182,95589903,optitrack_world,0.2887327132157166,-0.17075059653781072,-0.3669343742870438,-0.38284392744434825,0.6368343567934953,0.6692306550532743,0.0016910243544099657
1675181182.1029775,2195143,1675181182,105720691,optitrack_world,0.28851981048424885,-0.170681468759197,-0.3665240967591934,-0.3829996325918212,0.6364505096675207,0.6695061764783501,0.0018734555835300715
1675181182.1132114,2195144,1675181182,115898557,optitrack_world,0.28845021606063476,-0.1707085066651003,-0.36592954794435334,-0.38354903176284116,0.6362860508646035,0.6693499511234823,0.0009190429294207311
1675181182.123381,2195145,1675181182,126020530,optitrack_world,0.28845021606063476,-0.1707085066651003,-0.36592954794435334,-0.38354903176284116,0.6362860508646035,0.6693499511234823,0.0009190429294207311
1675181182.1334207,2195146,1675181182,136149817,optitrack_world,0.28807299693774974,-0.17081842932908275,-0.36429933321434793,-0.3858950256099251,0.6377869794809854,0.6665675530883337,0.0007036930210837863
1675181182.1436577,2195147,1675181182,146289307,optitrack_world,0.2877507584825244,-0.17070040219122162,-0.3640013615408272,-0.38577040517366556,0.6370316710272621,0.6673616088602687,0.000572380811959502
1675181182.1537063,2195148,1675181182,156414564,optitrack_world,0.2877507584825244,-0.17070040219122162,-0.3640013615408272,-0.38577040517366556,0.6370316710272621,0.6673616088602687,0.000572380811959502
1675181182.163917,2195149,1675181182,166557284,optitrack_world,0.2869904629275347,-0.17075327951114752,-0.3627139638547813,-0.38566057579914786,0.6392144438459332,0.6653351113320946,-6.842304772691386e-05
1675181182.1742225,2195150,1675181182,176739682,optitrack_world,0.28655759181274165,-0.17068304427818953,-0.36216226541523944,-0.38429097893666314,0.640438358397224,0.6649500393022367,-0.0007731968209228551
1675181182.1841755,2195151,1675181182,186879838,optitrack_world,0.28615868092520585,-0.17074731707178506,-0.3614396222377051,-0.38259667007317977,0.6425894799058459,0.6638470697088226,-0.0023698949889625594
1675181182.1944594,2195152,1675181182,197066179,optitrack_world,0.285787256976326,-0.17077339136990133,-0.3606667050647111,-0.3801688106487208,0.6450411615069268,0.6628511899387274,-0.004677111132414864
1675181182.2046745,2195153,1675181182,207257119,optitrack_world,0.28540670498365306,-0.17077482176077236,-0.3600535149865429,-0.37755227699348737,0.647026638458053,0.6623936618268546,-0.006741219052638456
1675181182.2148108,2195154,1675181182,217399191,optitrack_world,0.28482983741672474,-0.17080822500028886,-0.3592597317034892,-0.3744386140145391,0.649954471287886,0.6612715944664802,-0.008648002053344551
1675181182.2248445,2195155,1675181182,227540827,optitrack_world,0.2847341322142618,-0.17082857238207666,-0.35877487208906034,-0.3730674962277139,0.6507996198333608,0.6611818594596736,-0.010910857188432248
1675181182.234993,2195156,1675181182,237682872,optitrack_world,0.28448270277591325,-0.17077784769918264,-0.3584185568329037,-0.37074359231252146,0.6509721222400003,0.6622922782980173,-0.012386401106799146
1675181182.2452514,2195157,1675181182,247871474,optitrack_world,0.28434337465353476,-0.17074726248590422,-0.3577963440114642,-0.3701910664625021,0.6516604990180723,0.6619056516331873,-0.013344536969036116
1675181182.2552843,2195158,1675181182,258001428,optitrack_world,0.28413183177271206,-0.1706564428619968,-0.35729004496915423,-0.3692746099919755,0.651463493722903,0.6626024313063301,-0.013769414968094017
1675181182.2654388,2195159,1675181182,268132936,optitrack_world,0.28402266828883616,-0.170599637502117,-0.35638080218504237,-0.36979390112386784,0.6522017743384187,0.6615625042401552,-0.014844838325287402
1675181182.2755833,2195160,1675181182,278258980,optitrack_world,0.2842894580272148,-0.17052438563071365,-0.3562420146804205,-0.37113589408626396,0.6492723518853344,0.66365745725443,-0.016196932692957033
1675181182.2856405,2195161,1675181182,288379359,optitrack_world,0.2835016450367279,-0.1706751328149834,-0.3559541704776341,-0.3695642959945744,0.6485099889957302,0.6653659034893854,-0.012051546479454398
1675181182.295828,2195162,1675181182,298509063,optitrack_world,0.28324402389773123,-0.17108893611004106,-0.354938237927784,-0.3713208221194652,0.6492248051577757,0.6637119951796748,-0.010695180362579803
1675181182.3060973,2195163,1675181182,308696774,optitrack_world,0.28252118701476575,-0.17085256612034333,-0.3548060962251328,-0.3705040688485717,0.6471968841833615,0.6661921459845481,-0.007138115893146099
1675181182.3162534,2195164,1675181182,318893295,optitrack_world,0.2826350052847522,-0.17075072126361984,-0.3542038592004264,-0.37405717227442736,0.645198396179208,0.6661653408590741,-0.004898987237253681
1675181182.326505,2195165,1675181182,329073052,optitrack_world,0.2826350052847522,-0.17075072126361984,-0.3542038592004264,-0.37405717227442736,0.645198396179208,0.6661653408590741,-0.004898987237253681
1675181182.3365824,2195166,1675181182,339263271,optitrack_world,0.28241288318198793,-0.17048973879606727,-0.3530851295005698,-0.3791583150227596,0.641688380284941,0.6666821586193697,-0.0031454943980565786
1675181182.3466907,2195167,1675181182,349405753,optitrack_world,0.2818531300829049,-0.17033965409233454,-0.3526991221280139,-0.37885588174347723,0.6409088571897661,0.6676102631733558,-0.0007708110553516104
1675181182.356874,2195168,1675181182,359582156,optitrack_world,0.2818531300829049,-0.17033965409233454,-0.3526991221280139,-0.37885588174347723,0.6409088571897661,0.6676102631733558,-0.0007708110553516104
1675181182.3670835,2195169,1675181182,369721039,optitrack_world,0.2808410363122192,-0.17056154444792432,-0.35133957849842523,-0.3778215711410507,0.6425057480026477,0.666660975994136,0.0006060120560791438
1675181182.3772511,2195170,1675181182,379890645,optitrack_world,0.2808410363122192,-0.17056154444792432,-0.35133957849842523,-0.3778215711410507,0.6425057480026477,0.666660975994136,0.0006060120560791438
1675181182.3873515,2195171,1675181182,390031430,optitrack_world,0.2805021195774344,-0.17072392632198186,-0.35038096564913684,-0.37700002775519653,0.6422199104686039,0.6674009007215641,-0.0007767794567003906
1675181182.3975997,2195172,1675181182,400223590,optitrack_world,0.2801086035027371,-0.17074423373721942,-0.3497814382189429,-0.3764003953350607,0.6427173221507232,0.6672590084245381,-0.0016130329555551267
1675181182.4076877,2195173,1675181182,410367190,optitrack_world,0.27987320454111997,-0.17081620335907124,-0.34881544818970006,-0.3766008528378937,0.644241038514888,0.6656698976657449,-0.002978133090809824
1675181182.4178083,2195174,1675181182,420509430,optitrack_world,0.27945535660473786,-0.17070355278991978,-0.3480223243976864,-0.37625954149466184,0.6455220397294962,0.6646193931171311,-0.0033340591347296353
1675181182.4279404,2195175,1675181182,430696709,optitrack_world,0.27901241409912203,-0.17081752240143488,-0.3472683272136363,-0.37489005254747665,0.6466531893162438,0.6642874909603341,-0.004385270995556554
1675181182.438164,2195176,1675181182,440886653,optitrack_world,0.2788277692887066,-0.1708281196591226,-0.34660511664577304,-0.374917959452642,0.64712619415271,0.663807987139404,-0.004813390824454677
1675181182.4483614,2195177,1675181182,451025193,optitrack_world,0.27847834146365136,-0.17065181189253892,-0.34602271778290716,-0.3742537108711845,0.6474012476815743,0.6639132803984621,-0.004994047460916391
1675181182.4585092,2195178,1675181182,461217607,optitrack_world,0.2782354960857508,-0.17056232232911028,-0.34558483719301075,-0.3738703712742308,0.6468177380882727,0.6646925785504397,-0.00561562085677044
1675181182.4687243,2195179,1675181182,471367529,optitrack_world,0.2781076940998663,-0.1706445503682708,-0.34500471116114223,-0.37427848260842733,0.6465496754075446,0.6647191235649652,-0.006133632998181737
1675181182.4788601,2195180,1675181182,481554750,optitrack_world,0.27795453719169133,-0.17051395418111265,-0.34457283988430487,-0.37427777799329404,0.6454151843248016,0.6658249071094011,-0.005707697972238822
1675181182.4889417,2195181,1675181182,491689711,optitrack_world,0.27740725863635474,-0.1703680958610392,-0.34395522487431557,-0.37355615289439303,0.6454955144890773,0.6661642738143047,-0.004062228782649493
1675181182.499266,2195182,1675181182,501830519,optitrack_world,0.27660472442441536,-0.17054979541091925,-0.34306359778510465,-0.3728483892992684,0.6471366050340347,0.6649782133940492,-0.0015062314640868664
1675181182.5093372,2195183,1675181182,512016657,optitrack_world,0.2765948634743601,-0.17071049632103075,-0.3426791859712235,-0.3738048973325283,0.6451358621903956,0.6663848714970935,-0.0009061378896358237
1675181182.5194476,2195184,1675181182,522163202,optitrack_world,0.27638834823589553,-0.17068552055105474,-0.341480980891698,-0.37647278807329937,0.6424735226520213,0.6674548743134618,-5.732905080558632e-05
1675181182.5297413,2195185,1675181182,532351227,optitrack_world,0.2761114059505763,-0.17055179045213825,-0.34075129588132624,-0.3774812826054943,0.6417790732257894,0.6675516767494792,0.0015037689039742153
1675181182.5397942,2195186,1675181182,542496909,optitrack_world,0.2755671679187402,-0.170461860880525,-0.33988423247509836,-0.3778658234437274,0.642292871458961,0.6668349262421442,0.0029099638881729607
1675181182.5499146,2195187,1675181182,552640986,optitrack_world,0.27490841806864513,-0.17024035995149528,-0.3391745663525085,-0.37735612573493005,0.6427494000960174,0.6666757375483487,0.004361652312893796
1675181182.56011,2195188,1675181182,562831755,optitrack_world,0.274055929663259,-0.1702925551786534,-0.3387895838356173,-0.3748239665289577,0.6426583944773309,0.6681709498409749,0.006690583825613512
1675181182.5703197,2195189,1675181182,572978991,optitrack_world,0.274055929663259,-0.1702925551786534,-0.3387895838356173,-0.3748239665289577,0.6426583944773309,0.6681709498409749,0.006690583825613512
1675181182.580397,2195190,1675181182,583172766,optitrack_world,0.27348271475362546,-0.17061662827904656,-0.33734591838074135,-0.3744305697682955,0.6433495030284841,0.6677221945705439,0.00708775379713687
1675181182.5906363,2195191,1675181182,593324264,optitrack_world,0.2732877573292145,-0.17056705437324904,-0.3365063216728068,-0.3745957192103537,0.6438699075883665,0.6671343034344662,0.006435093817159219
1675181182.6007364,2195192,1675181182,603463886,optitrack_world,0.2730359742104801,-0.17070240492799524,-0.335468173742755,-0.37475190922271023,0.6448537239643066,0.6661092518214534,0.004811014566907689
1675181182.6109364,2195193,1675181182,613650386,optitrack_world,0.27265210900360887,-0.1705043447336267,-0.33479086617316867,-0.37425678938063545,0.6449593686387118,0.6662872725362406,0.004531982333410828
1675181182.6211593,2195194,1675181182,623837363,optitrack_world,0.27250182886395247,-0.17049065572696193,-0.3339584216454764,-0.3746378281569285,0.6451822119048787,0.6658637357293276,0.0034491442376800795
1675181182.6312952,2195195,1675181182,634030151,optitrack_world,0.2721414815751814,-0.17056902412199634,-0.33326930023256585,-0.37392230599920606,0.6452080984491212,0.6662430983327452,0.00295849554489976
1675181182.6414862,2195196,1675181182,644224187,optitrack_world,0.2716200054783878,-0.17035990509848986,-0.3329373295202651,-0.37258279766165403,0.6439892597842622,0.6681637952039521,0.004127341491111133
1675181182.6516142,2195197,1675181182,654367526,optitrack_world,0.27113923889045394,-0.17032823079341125,-0.33202150924136153,-0.37242621696117817,0.6448283661081035,0.667432068689899,0.0054336789251184835
1675181182.6618342,2195198,1675181182,664559392,optitrack_world,0.2701796729502786,-0.17033675166603057,-0.3312190044828155,-0.3704610386991816,0.6459901467287282,0.6673735152081912,0.00824259267353002
1675181182.672041,2195199,1675181182,674753805,optitrack_world,0.26997951856045277,-0.17061270777135779,-0.32950863158442917,-0.3709096063303505,0.6484074037144695,0.6647747841345669,0.008269771397412057
1675181182.6823483,2195200,1675181182,684958742,optitrack_world,0.26950575886296596,-0.17056378699973881,-0.32872720195135113,-0.3708897699644798,0.6483535018548672,0.6648252805590833,0.00926614794626844
1675181182.6924348,2195201,1675181182,695160234,optitrack_world,0.2698727594677155,-0.17073127789254083,-0.32762577562543627,-0.3750685451187511,0.6477502257962177,0.6630945194288961,0.006992120337476691
1675181182.7025406,2195202,1675181182,705292781,optitrack_world,0.2699066855116834,-0.17069500820533945,-0.3267186882840574,-0.3761923802488836,0.6470350589429098,0.6631617750360923,0.006433169701162288
1675181182.7127407,2195203,1675181182,715478465,optitrack_world,0.269147172011373,-0.1705324044455857,-0.3262394651320946,-0.3746911309511087,0.6464614668387706,0.6645519868103986,0.008048919529720987
1675181182.7230494,2195204,1675181182,725625252,optitrack_world,0.2682925014181357,-0.1703268654685688,-0.32562196133620874,-0.3729827228605026,0.6468863902382583,0.6650637923584864,0.010584831875339446
1675181182.733141,2195205,1675181182,735802790,optitrack_world,0.2678794291518983,-0.170315371223681,-0.3252627022325959,-0.3721663472057632,0.6455059683617494,0.6668452733059855,0.011473285769345762
1675181182.7433512,2195206,1675181182,745989466,optitrack_world,0.26761002797251526,-0.17033142861681505,-0.32456346580417944,-0.37276579521871583,0.6454116558605847,0.666591526746818,0.01204960014285827
1675181182.7535062,2195207,1675181182,756182949,optitrack_world,0.2675575758874419,-0.17052229939621893,-0.32370625060912167,-0.3739630215853169,0.6454354926900081,0.6659086944297555,0.01141463734179852
1675181182.7636063,2195208,1675181182,766380155,optitrack_world,0.2672557483437907,-0.17058808333329373,-0.3229927486158617,-0.37331793088776877,0.6450728229043847,0.6666263945669223,0.011136682385233158
1675181182.7740242,2195209,1675181182,776561379,optitrack_world,0.2672557483437907,-0.17058808333329373,-0.3229927486158617,-0.37331793088776877,0.6450728229043847,0.6666263945669223,0.011136682385233158
1675181182.7839212,2195210,1675181182,786680732,optitrack_world,0.26669537216787265,-0.17078435108049927,-0.3209533744580175,-0.3739835934886869,0.6467097282491537,0.6647008581298965,0.008693008142945121
1675181182.7941928,2195211,1675181182,796852294,optitrack_world,0.26638679469326,-0.17059424795635758,-0.32052067545547624,-0.3735604412714861,0.64514566885438,0.6664519812139167,0.009023270556316394
1675181182.8043761,2195212,1675181182,806977647,optitrack_world,0.26598804385669733,-0.17045978452381877,-0.3197226240298455,-0.3741722189598232,0.6456289958724101,0.6656219936517548,0.010281625091830811
1675181182.8145263,2195213,1675181182,817171128,optitrack_world,0.2650842775055085,-0.17029832941879758,-0.3191060321847962,-0.37212958267227875,0.6463340910874461,0.6660266403765674,0.013428726932324848
1675181182.824712,2195214,1675181182,827351570,optitrack_world,0.26475992870785675,-0.1704567068691072,-0.3182392403107599,-0.37230479251220766,0.6460910994156884,0.6661786551387465,0.012705595845930558
1675181182.8347955,2195215,1675181182,837482293,optitrack_world,0.26446936316761427,-0.17051133779283126,-0.3175892013490338,-0.3728993486799491,0.645833618718099,0.6660956372298444,0.012712779040096923
1675181182.844924,2195216,1675181182,847605369,optitrack_world,0.26446741635659954,-0.1708732814575782,-0.31687767523324323,-0.3732357496774439,0.6452296776423582,0.6664946264901336,0.01259567830774196
1675181182.8550396,2195217,1675181182,857733536,optitrack_world,0.26420397377375004,-0.17059861796037862,-0.3165708407378708,-0.3733409499360856,0.6433341855431308,0.6682342380819711,0.014165587435236522
1675181182.8651593,2195218,1675181182,867857280,optitrack_world,0.26386123566313124,-0.17049526939012188,-0.31569644130378477,-0.37398117438828826,0.6434521672974614,0.6677514854338013,0.014674580208937926
1675181182.8753507,2195219,1675181182,877981579,optitrack_world,0.26331136971526986,-0.17057142795728716,-0.31465932147923,-0.37346257190288756,0.6444857068080285,0.667039489640762,0.014906386806607755
1675181182.885411,2195220,1675181182,888108209,optitrack_world,0.262592819547433,-0.17042914073570656,-0.3140791208312472,-0.37202908921036776,0.6447492339938597,0.6675152160502201,0.01778253038977712
1675181182.895521,2195221,1675181182,898232437,optitrack_world,0.26285250115963993,-0.1705988062764841,-0.3137313639800842,-0.37377946311494636,0.6418854616194616,0.6693056559606415,0.017375442848128923
1675181182.9056249,2195222,1675181182,908360889,optitrack_world,0.2626704364454922,-0.17074999312647396,-0.31311498837302054,-0.3733383415033947,0.6410459276152319,0.6703247119840773,0.01853056812094936
1675181182.9158108,2195223,1675181182,918488945,optitrack_world,0.2625046667722021,-0.17046992231468214,-0.3126328499560379,-0.37504543386987677,0.6387997277950349,0.6714560573122546,0.02055707666540956
1675181182.9259167,2195224,1675181182,928622294,optitrack_world,0.2618045402078461,-0.1704084656493409,-0.3122703183118466,-0.3745795269925516,0.6373015477381553,0.6729654112724452,0.025582619871637048
1675181182.9360561,2195225,1675181182,938747527,optitrack_world,0.2616051186474056,-0.1704188445721,-0.31185076410779417,-0.37714094739301596,0.6335377365272747,0.674943556661075,0.029083285871681106
1675181182.9462879,2195226,1675181182,948877335,optitrack_world,0.2630576873648996,-0.17041484472990898,-0.3118271678266396,-0.3855460814771949,0.6229755350806185,0.680009050964777,0.02904121820069747
1675181182.9562294,2195227,1675181182,959007241,optitrack_world,0.2627317488348854,-0.17002563390082853,-0.311804811193294,-0.38900462366873895,0.6166810760148707,0.6833659222473247,0.03729436365655506
1675181182.9664,2195228,1675181182,969125963,optitrack_world,0.26301027463513743,-0.17113147364420223,-0.3107263286471869,-0.39627713022776784,0.6122488899827804,0.6828961164909538,0.04205504553405628
1675181182.9766717,2195229,1675181182,979329885,optitrack_world,0.26301027463513743,-0.17113147364420223,-0.3107263286471869,-0.39627713022776784,0.6122488899827804,0.6828961164909538,0.04205504553405628
1675181182.9866996,2195230,1675181182,989456610,optitrack_world,0.26254182330642145,-0.17126511193608934,-0.3096595869016859,-0.4102480741869078,0.5996513634550255,0.6842804420160142,0.06224979202238911
1675181182.996857,2195231,1675181182,999629206,optitrack_world,0.2617629508640305,-0.17088128593613128,-0.3094654150779981,-0.4150662206205505,0.5926871947520912,0.6862329225609458,0.07433907229803415
1675181183.0070012,2195232,1675181183,9756715,optitrack_world,0.2617629508640305,-0.17088128593613128,-0.3094654150779981,-0.4150662206205505,0.5926871947520912,0.6862329225609458,0.07433907229803415
1675181183.017239,2195233,1675181183,19888811,optitrack_world,0.26119428897849645,-0.17085132458560298,-0.30807135578527645,-0.42749633445413465,0.5824310921142188,0.6854086704718417,0.09075164686626429
1675181183.0274038,2195234,1675181183,30071305,optitrack_world,0.26119428897849645,-0.17085132458560298,-0.30807135578527645,-0.42749633445413465,0.5824310921142188,0.6854086704718417,0.09075164686626429
1675181183.0374947,2195235,1675181183,40202274,optitrack_world,0.26053627123990203,-0.17075987372527177,-0.30799073221968876,-0.4318719874178411,0.5716608238924971,0.6898815752110931,0.10370101780877777
1675181183.0475867,2195236,1675181183,50334332,optitrack_world,0.25968807687910417,-0.17047623985142624,-0.3075205200683006,-0.43156230858148825,0.5697789228758227,0.6906080834110647,0.11030153210893974
1675181183.0578437,2195237,1675181183,60507250,optitrack_world,0.25951297145366525,-0.17020875199650484,-0.3068740052707169,-0.43378790838718895,0.568030622814037,0.6904299578733795,0.11169483136442984
1675181183.0678406,2195238,1675181183,70619883,optitrack_world,0.25911787201538455,-0.17021119817594496,-0.3062616593516754,-0.43368882878638454,0.5677134876681622,0.6906559489602088,0.11229316929991344
1675181183.0780537,2195239,1675181183,80765846,optitrack_world,0.2587803758207102,-0.17047629146607046,-0.3051631924792954,-0.43371269310941035,0.5702472838385322,0.6888428726970101,0.11048453215310167
1675181183.0881624,2195240,1675181183,90922350,optitrack_world,0.25825066099172217,-0.1703960692876631,-0.3043486058216156,-0.43241225210890916,0.5728789508695195,0.6876040795681624,0.10968127295924325
1675181183.0984473,2195241,1675181183,101099383,optitrack_world,0.2576994597829351,-0.170279080878431,-0.30364337414672143,-0.4300299818469494,0.5754205560925811,0.6872304033679273,0.1080729893431893
1675181183.108608,2195242,1675181183,111298557,optitrack_world,0.25727064296057345,-0.17032798025780949,-0.302852439169191,-0.4278276501117317,0.5778295671536746,0.6871037804290677,0.10471336133920092
1675181183.118615,2195243,1675181183,121412197,optitrack_world,0.2567576283476157,-0.17039202494224434,-0.3019139527432116,-0.42609944665262517,0.5816275319858369,0.6853138705681272,0.10243814916974574
1675181183.1288621,2195244,1675181183,131568870,optitrack_world,0.25631620012391515,-0.1703856412684624,-0.3011037397879189,-0.42450793139284976,0.5842279142200959,0.6845278856086452,0.09946021443148678
1675181183.139056,2195245,1675181183,141707379,optitrack_world,0.2567991051931888,-0.17060321768188402,-0.2999327158829983,-0.4267999792161402,0.586303150407607,0.6822352668230083,0.09298082741165532
1675181183.1494493,2195246,1675181183,151937363,optitrack_world,0.25644412458919835,-0.17060295228129713,-0.2990235969807039,-0.4257703756936383,0.5888972957724807,0.6810121199280997,0.09023333488568896
1675181183.159379,2195247,1675181183,162092846,optitrack_world,0.25561769301234183,-0.17076629719564826,-0.29729424245838926,-0.42367394927447555,0.5944225863695572,0.677912262253445,0.08716156381290836
1675181183.1695437,2195248,1675181183,172225953,optitrack_world,0.25561769301234183,-0.17076629719564826,-0.29729424245838926,-0.42367394927447555,0.5944225863695572,0.677912262253445,0.08716156381290836
1675181183.1796677,2195249,1675181183,182372986,optitrack_world,0.2549965074164626,-0.17079482435454724,-0.29578553396437596,-0.421739174276808,0.5977083667097853,0.6766989928775468,0.08342212107079708
1675181183.1898146,2195250,1675181183,192515409,optitrack_world,0.25147503795565546,-0.16915280177493686,-0.29597399845290395,-0.4071150131263429,0.6001923822382647,0.6826604719811763,0.08944914971497431
1675181183.1999304,2195251,1675181183,202643326,optitrack_world,0.2510689103304513,-0.16915945479568462,-0.2952553730162074,-0.40557602136776844,0.601889533533592,0.6822111609599378,0.08845909888700229
1675181183.2100797,2195252,1675181183,212768576,optitrack_world,0.2508301106969519,-0.1691672970754998,-0.294514507781327,-0.40514049012697056,0.6037683012958462,0.6809030503465386,0.08772717731002948
1675181183.2201881,2195253,1675181183,222899808,optitrack_world,0.2508301106969519,-0.1691672970754998,-0.294514507781327,-0.40514049012697056,0.6037683012958462,0.6809030503465386,0.08772717731002948
1675181183.230383,2195254,1675181183,233051577,optitrack_world,0.2500604674302848,-0.16892137791187267,-0.2935035526268553,-0.4024984170899549,0.6049062320392752,0.6815623526520399,0.08692660195557907
1675181183.2405028,2195255,1675181183,243192352,optitrack_world,0.24979204799261767,-0.1689505119296862,-0.29266892936014244,-0.40210609370399303,0.6063387080567628,0.6806655909452796,0.08578119736448425
1675181183.2505784,2195256,1675181183,253328406,optitrack_world,0.2498398801318641,-0.16901513945568997,-0.29216654774801054,-0.40247532840275235,0.6060153486996146,0.6809325047934996,0.08420172850501179
1675181183.2609127,2195257,1675181183,263523718,optitrack_world,0.24957695774943028,-0.16879772764214396,-0.2919831168271839,-0.4012251748979928,0.6047373759861222,0.6827308189224078,0.08479206334930776
1675181183.270955,2195258,1675181183,273659550,optitrack_world,0.24953153499340763,-0.16876781151919296,-0.2914343936310676,-0.40227594787486703,0.6045641987300714,0.6820591986924597,0.08643749680690625
1675181183.2812855,2195259,1675181183,283843023,optitrack_world,0.24866094780776657,-0.1692567773175444,-0.2901181876148059,-0.4004225472100153,0.6082281706670397,0.6801609404224825,0.08426963401174736
1675181183.291361,2195260,1675181183,293985065,optitrack_world,0.24761107295973145,-0.1691088595912975,-0.28959380258516004,-0.3979320083740728,0.6094735695727114,0.6801026283089601,0.08747856692309681
1675181183.3014944,2195261,1675181183,304127028,optitrack_world,0.24758775535359806,-0.16908345372659847,-0.288983723343403,-0.3989711949159244,0.6087540349023842,0.6801533395860914,0.08736100541610912
1675181183.3116274,2195262,1675181183,314271474,optitrack_world,0.24560763983255454,-0.16810226677269383,-0.2884944148636873,-0.3902768712377623,0.6098594908540461,0.6839065497748698,0.08959462242311353
1675181183.3217707,2195263,1675181183,324498595,optitrack_world,0.2453414756195698,-0.1680875640967242,-0.2878158646306541,-0.3906143754637469,0.6099484547414238,0.6836327806754208,0.08960755227997452
1675181183.3321235,2195264,1675181183,334692054,optitrack_world,0.24480759112238934,-0.1679629886049797,-0.28713487241766156,-0.3899878877701927,0.6103869722740013,0.6835229100254686,0.09018660067347237
1675181183.3422685,2195265,1675181183,344881729,optitrack_world,0.24472689278759585,-0.1677720437803243,-0.2866738694093369,-0.39053645193010106,0.6091060079095064,0.6843799701181001,0.08997337019107725
1675181183.3523445,2195266,1675181183,355018958,optitrack_world,0.24453958227163,-0.16787354357389087,-0.2858667916599501,-0.39107510117183586,0.6093999675546065,0.6839760301895366,0.0887058899625336
1675181183.3625357,2195267,1675181183,365209315,optitrack_world,0.24411930586739164,-0.1678297073346635,-0.2850599242259913,-0.39077415376825597,0.6101644238069133,0.6834890402086936,0.08853060816282578
1675181183.3726578,2195268,1675181183,375386393,optitrack_world,0.24411930586739164,-0.1678297073346635,-0.2850599242259913,-0.39077415376825597,0.6101644238069133,0.6834890402086936,0.08853060816282578
1675181183.382882,2195269,1675181183,385540017,optitrack_world,0.2435110535483881,-0.16838574173607493,-0.2828875545966783,-0.39026685418637364,0.6140057007101799,0.680626303620356,0.08623582108940447
1675181183.3932166,2195270,1675181183,395757126,optitrack_world,0.24308332534848695,-0.16841514191211898,-0.28204099008636113,-0.3897140429830679,0.6145131077897926,0.6804807005901062,0.0862706275665152
1675181183.403187,2195271,1675181183,405902050,optitrack_world,0.24301925527777635,-0.1685772406351342,-0.28080725529403194,-0.3916248105959467,0.6153293408064141,0.6788648162307253,0.08451255144921634
1675181183.4134421,2195272,1675181183,416093626,optitrack_world,0.24236892592420975,-0.16840455949997865,-0.28025705077504337,-0.3899446721102637,0.6150609127861704,0.6798621856856896,0.08620112951776786
1675181183.423561,2195273,1675181183,426225582,optitrack_world,0.24236892592420975,-0.16840455949997865,-0.28025705077504337,-0.3899446721102637,0.6150609127861704,0.6798621856856896,0.08620112951776786
1675181183.433647,2195274,1675181183,436370898,optitrack_world,0.24123147385018318,-0.16808768664118307,-0.2784136470821859,-0.3890310338873824,0.616695755814538,0.6787073758032047,0.08773538318818448
1675181183.443944,2195275,1675181183,446564923,optitrack_world,0.2410971675458067,-0.16815786959089296,-0.27741231886304596,-0.3893806605186719,0.6167347515120064,0.6786874929209417,0.08604786135723144
1675181183.45419,2195276,1675181183,456747029,optitrack_world,0.2410971675458067,-0.16815786959089296,-0.27741231886304596,-0.3893806605186719,0.6167347515120064,0.6786874929209417,0.08604786135723144
1675181183.4643993,2195277,1675181183,466923315,optitrack_world,0.24035707798568628,-0.16805395023698633,-0.2753732840534235,-0.38921765461342506,0.6186774164087246,0.6769533617535558,0.0864986576405057
1675181183.4744213,2195278,1675181183,477094896,optitrack_world,0.23960900287241774,-0.1685824000836218,-0.273496937665061,-0.38708465050141466,0.623470303329395,0.6741478700925086,0.08351588748426139
1675181183.484501,2195279,1675181183,487219822,optitrack_world,0.23954448513129006,-0.16865971102076732,-0.27250481674373905,-0.3878454555710289,0.6233496635781623,0.6739351053215465,0.08259886999910378
1675181183.494573,2195280,1675181183,497336550,optitrack_world,0.23921777583255488,-0.16857737085831984,-0.27147689997488994,-0.3879703369782213,0.6231519363448951,0.6741016716830536,0.08214388649635417
1675181183.5048516,2195281,1675181183,507530851,optitrack_world,0.23806727381462367,-0.16818581491965295,-0.2714147585757254,-0.3838817792196821,0.62094789798369,0.6777915860680743,0.08750459089723399
1675181183.514983,2195282,1675181183,517719133,optitrack_world,0.23826043709000433,-0.16816875040413715,-0.27092011274874633,-0.38584425061956396,0.6172792492058166,0.6797838182869683,0.08935604713124098
1675181183.52539,2195283,1675181183,527909731,optitrack_world,0.23810266604410865,-0.16840496115365566,-0.2701604027214261,-0.38775228941620826,0.6149168656636789,0.6804776519070946,0.0920628895367353
1675181183.5354526,2195284,1675181183,538026179,optitrack_world,0.2373686712315224,-0.167973907981269,-0.2697323707189453,-0.3885075087201902,0.6112844934353819,0.6822993892787866,0.09930119406771849
1675181183.5455284,2195285,1675181183,548198462,optitrack_world,0.2375171983629248,-0.16800897521487015,-0.26941196116988214,-0.3922826307719679,0.6058098373556092,0.684404867546687,0.10343479026031889
1675181183.5556505,2195286,1675181183,558374852,optitrack_world,0.2370155095763287,-0.16774126195535136,-0.26933020029016674,-0.39337219047504174,0.6004813013070694,0.6870706123312809,0.11231429210993081
1675181183.565871,2195287,1675181183,568506784,optitrack_world,0.23606391851278774,-0.16641826833502368,-0.2689658571812901,-0.3946332264874691,0.5951522767836666,0.689208945900514,0.12267604852623176
1675181183.5759075,2195288,1675181183,578690504,optitrack_world,0.236943444632321,-0.16749071763912515,-0.26872190869189294,-0.401942076559641,0.5879147621190025,0.6901143456978055,0.1286117779815289
1675181183.5863128,2195289,1675181183,588883462,optitrack_world,0.23597573285548393,-0.16627576499373764,-0.2690049510014092,-0.4037150509382538,0.5800203858021993,0.6934844649517836,0.14024908759178945
1675181183.5964258,2195290,1675181183,599076090,optitrack_world,0.23629246941333998,-0.16714648621802036,-0.26892806681113296,-0.4096859856910708,0.5726801532961634,0.6943145567999832,0.14873510468164994
1675181183.6065953,2195291,1675181183,609244525,optitrack_world,0.2369095840225501,-0.16781248353298006,-0.26902071975595265,-0.4160220842929806,0.5633720579596125,0.6960623961629803,0.15822354546250464
1675181183.6166863,2195292,1675181183,619380957,optitrack_world,0.23660374923149133,-0.16751158150342166,-0.2690375941192057,-0.4208443443940415,0.5558862920652979,0.6968417396098945,0.16820243167950838
1675181183.6268272,2195293,1675181183,629509605,optitrack_world,0.23660374923149133,-0.16751158150342166,-0.2690375941192057,-0.4208443443940415,0.5558862920652979,0.6968417396098945,0.16820243167950838
1675181183.6370995,2195294,1675181183,639711071,optitrack_world,0.2362369129114874,-0.16766278792315653,-0.2686411735902462,-0.4298045958125742,0.5438808097251525,0.6966333267531728,0.18483420215941984
1675181183.6472878,2195295,1675181183,649901271,optitrack_world,0.23642188893806473,-0.16729874643040968,-0.26883961945471135,-0.4344831518882895,0.5359220918847375,0.6981452673620034,0.19132456145289156
1675181183.6574337,2195296,1675181183,660087841,optitrack_world,0.23632149925769746,-0.16728294090730864,-0.2688309181833347,-0.4375736920078852,0.5308428575450699,0.6982790185614488,0.19784220200157746
1675181183.6674352,2195297,1675181183,670223361,optitrack_world,0.2358783768391724,-0.16759192175076026,-0.2684256730320476,-0.43940801274319397,0.5298106340262675,0.6965558299495188,0.2025617589109513
1675181183.6777875,2195298,1675181183,680398769,optitrack_world,0.2358783768391724,-0.16759192175076026,-0.2684256730320476,-0.43940801274319397,0.5298106340262675,0.6965558299495188,0.2025617589109513
1675181183.6879587,2195299,1675181183,690592179,optitrack_world,0.2356563698467356,-0.16749839582034992,-0.2676311862999965,-0.44289005712998836,0.5281676221438802,0.6953445879159559,0.20342876952453037
1675181183.6981597,2195300,1675181183,700784948,optitrack_world,0.23544786070041007,-0.1674891502580128,-0.26716851663295005,-0.44254961777695434,0.5297291156199169,0.6948599006940774,0.20175881214318583
1675181183.7083938,2195301,1675181183,710978389,optitrack_world,0.2351304129143512,-0.16752047221547414,-0.2667161000036305,-0.44101997915787844,0.5324700765772702,0.6945124385388792,0.19907151541132168
1675181183.7184758,2195302,1675181183,721107057,optitrack_world,0.2348292735466891,-0.16764679296116225,-0.26622114900942906,-0.4390961505662125,0.5363607437457324,0.6935975555823952,0.19604630579683224
1675181183.7286198,2195303,1675181183,731284069,optitrack_world,0.23477837022164064,-0.16769915437584515,-0.2658450886732082,-0.43775191709551436,0.538899167108206,0.6936743533101033,0.19177288215254454
1675181183.738791,2195304,1675181183,741430212,optitrack_world,0.23438802452182037,-0.16769209633619847,-0.2652894687976139,-0.4359093529421243,0.542736933733918,0.692610097056421,0.1889733056126669
1675181183.748999,2195305,1675181183,751632990,optitrack_world,0.2341660504868813,-0.1677515209522293,-0.2649826065437636,-0.43388177408316636,0.5451281444367196,0.6925621122287425,0.1869214620280022
1675181183.7591794,2195306,1675181183,761777762,optitrack_world,0.2342181839407204,-0.16750129350435472,-0.2650551322288906,-0.4322704515803931,0.544432573311232,0.6943154574479968,0.18617592582547252
1675181183.76913,2195307,1675181183,771889295,optitrack_world,0.23418998532248625,-0.16752246949339544,-0.26471873569123644,-0.43212443232923137,0.5454848964804405,0.6938582897906954,0.18513610232635305
1675181183.7793574,2195308,1675181183,782019223,optitrack_world,0.23358192487609084,-0.16767932875219638,-0.263904948206911,-0.43096173495014667,0.5479146012177701,0.6925216875602207,0.18567521385439556
1675181183.789505,2195309,1675181183,792233476,optitrack_world,0.23351739623658313,-0.16769165000040528,-0.2636934859658715,-0.43102359408929225,0.5474006813747495,0.6925826783873408,0.18681645796510105
1675181183.799672,2195310,1675181183,802375229,optitrack_world,0.23352284219846237,-0.16761181622310117,-0.2637275205555428,-0.431131819316886,0.5455264337597417,0.6934446445340845,0.188840645542445
1675181183.8098512,2195311,1675181183,812564068,optitrack_world,0.23358263668776258,-0.1677105159797383,-0.2635517170862082,-0.4320204255163121,0.5446471846874644,0.6929911923180023,0.1910000092104639
1675181183.8200803,2195312,1675181183,822762476,optitrack_world,0.23349283722822417,-0.16753438395227307,-0.26359745221457265,-0.43190781531632266,0.5427767381727489,0.6937213169650966,0.1939066423706121
1675181183.8303294,2195313,1675181183,832961393,optitrack_world,0.23354368305091022,-0.16742533301897522,-0.2636464875315181,-0.43206670758407123,0.5408511631001012,0.69460140193536,0.19577352221421804
1675181183.8404977,2195314,1675181183,843093829,optitrack_world,0.2336501158555678,-0.1672521638408281,-0.2636922931329409,-0.432475930188108,0.539113681564019,0.6952858962179908,0.19722710432079535
1675181183.850489,2195315,1675181183,853195901,optitrack_world,0.23373382700432058,-0.16731845277249785,-0.26364135169831493,-0.4324604332918929,0.5384607983492106,0.6955450635634468,0.19812876325924958
1675181183.8607206,2195316,1675181183,863396580,optitrack_world,0.23367363132721272,-0.16729271300188947,-0.26364905945315764,-0.4317159340206813,0.5382586405718325,0.6958226241598482,0.1993235155964198
1675181183.8707566,2195317,1675181183,873524345,optitrack_world,0.23367363132721272,-0.16729271300188947,-0.26364905945315764,-0.4317159340206813,0.5382586405718325,0.6958226241598482,0.1993235155964198
1675181183.8809328,2195318,1675181183,883682061,optitrack_world,0.23340223167301954,-0.16719042168276338,-0.26358657777239414,-0.42894359107588054,0.5390082564307223,0.696537041719358,0.20078258063708096
1675181183.8911097,2195319,1675181183,893817964,optitrack_world,0.23340065227456647,-0.16718762528850034,-0.2635613166130029,-0.4282226447906752,0.5390281213638373,0.6970223323375102,0.20058394524544837
1675181183.901347,2195320,1675181183,904009991,optitrack_world,0.23340065227456647,-0.16718762528850034,-0.2635613166130029,-0.4282226447906752,0.5390281213638373,0.6970223323375102,0.20058394524544837
1675181183.911411,2195321,1675181183,914157942,optitrack_world,0.23336219560186258,-0.167192534015696,-0.26334145130396597,-0.4270333291558186,0.5400442993322077,0.6974049851474902,0.19905018774246955
1675181183.9214985,2195322,1675181183,924297334,optitrack_world,0.23336789579817668,-0.16721914981867037,-0.26314969442228464,-0.42669534989225033,0.5410015088873775,0.6971531314828993,0.1980554392726901
1675181183.9316578,2195323,1675181183,934394101,optitrack_world,0.23336789579817668,-0.16721914981867037,-0.26314969442228464,-0.42669534989225033,0.5410015088873775,0.6971531314828993,0.1980554392726901
1675181183.941766,2195324,1675181183,944493032,optitrack_world,0.23344790815852084,-0.16747317613341012,-0.26267748025372106,-0.4258019522031833,0.5437691412200314,0.6963539460378425,0.19518965237510189
1675181183.9518745,2195325,1675181183,954596674,optitrack_world,0.23329193150195077,-0.16751219088403305,-0.26246759547437437,-0.4247060801798515,0.5454300069182871,0.6960613611763572,0.19398307784108307
1675181183.962036,2195326,1675181183,964746962,optitrack_world,0.23310878679214445,-0.16751850799003917,-0.2621789042363951,-0.42366247131057266,0.547360152429869,0.6954782252160123,0.19291711221494723
1675181183.972146,2195327,1675181183,974886434,optitrack_world,0.23317911803444172,-0.16756230507585826,-0.2616371531983953,-0.42401643725938704,0.5499717239403802,0.6940192012951142,0.18994344430275661
1675181183.982477,2195328,1675181183,985090146,optitrack_world,0.23282400658303207,-0.16749592881580164,-0.2614626663697123,-0.4214269446121652,0.5524113868104245,0.6939362813354822,0.1889270428586684
1675181183.992564,2195329,1675181183,995274916,optitrack_world,0.23252858673234955,-0.1674460701148262,-0.26127847523370545,-0.41878660264214923,0.5547022728221211,0.6940227451443556,0.18776474428313886
1675181184.00276,2195330,1675181184,5412803,optitrack_world,0.2325027231533241,-0.16750325928731055,-0.2611094969958817,-0.417298301916836,0.5564822031775658,0.6939668679886917,0.18600986774344364
1675181184.0129673,2195331,1675181184,15598396,optitrack_world,0.23248228201892332,-0.16760387732468168,-0.2609284392671597,-0.4152954266728088,0.5583108885512331,0.6942319875182229,0.18401252081388508
1675181184.022971,2195332,1675181184,25732776,optitrack_world,0.2321006288572892,-0.16736936014790388,-0.2608569468590307,-0.4113390605942042,0.560183270553508,0.6952439854148804,0.18338669898846655
1675181184.0332186,2195333,1675181184,35921127,optitrack_world,0.23212676616224512,-0.16756524286144334,-0.2605422523402225,-0.4097741134497153,0.5624420537514696,0.6947823401424542,0.1817184964292409
1675181184.0433803,2195334,1675181184,46085405,optitrack_world,0.2320565896693988,-0.16755745846507314,-0.26052396085371704,-0.40747085866090893,0.5633575369281282,0.6955091855724033,0.18128088071505677
1675181184.0534532,2195335,1675181184,56216736,optitrack_world,0.23221991280892454,-0.16758548282743263,-0.26043288067242787,-0.40583415481319457,0.5635654416955043,0.696474813957356,0.18059752278665836
1675181184.0636265,2195336,1675181184,66340017,optitrack_world,0.2322632110679729,-0.16755526486521016,-0.2603282326996211,-0.40468179417401323,0.5633554112674367,0.6972170531132817,0.18097432665389268
1675181184.0737562,2195337,1675181184,76546578,optitrack_world,0.2322632110679729,-0.16755526486521016,-0.2603282326996211,-0.40468179417401323,0.5633554112674367,0.6972170531132817,0.18097432665389268
1675181184.0839152,2195338,1675181184,86693184,optitrack_world,0.23244647670248747,-0.16740716206046383,-0.26036399292723417,-0.40453286672869465,0.5595038645087101,0.6995835638793845,0.18409623159071528
1675181184.094186,2195339,1675181184,96868131,optitrack_world,0.23236691129536835,-0.16733276137618092,-0.26030084364912076,-0.404678682293064,0.5578308156972648,0.6999961870562782,0.18725726491312902
1675181184.1042807,2195340,1675181184,107009436,optitrack_world,0.23236691129536835,-0.16733276137618092,-0.26030084364912076,-0.404678682293064,0.5578308156972648,0.6999961870562782,0.18725726491312902
1675181184.1144712,2195341,1675181184,117192847,optitrack_world,0.2321188507312247,-0.16706619507084725,-0.26031564795887685,-0.4061371701257827,0.5530857076997316,0.7007467523448304,0.1951993546574396
1675181184.1246994,2195342,1675181184,127368006,optitrack_world,0.2321188507312247,-0.16706619507084725,-0.26031564795887685,-0.4061371701257827,0.5530857076997316,0.7007467523448304,0.1951993546574396
1675181184.1347737,2195343,1675181184,137489750,optitrack_world,0.23244117052040547,-0.16758322494669076,-0.26003381298073275,-0.4097869175105662,0.5490229214593846,0.7004033074774708,0.2002091926561076
1675181184.1450245,2195344,1675181184,147656810,optitrack_world,0.23236136561601944,-0.16744636305282845,-0.2601383052452077,-0.40980855630900015,0.5471922212866773,0.7010729856130549,0.2028158992359386
1675181184.155102,2195345,1675181184,157781307,optitrack_world,0.23214818734103007,-0.16734169255282866,-0.2601792674336269,-0.4085996381583301,0.5468989644971004,0.7012503478242408,0.2054161824327925
1675181184.1652882,2195346,1675181184,167952964,optitrack_world,0.23213672155176954,-0.16730378584730368,-0.26003612636499507,-0.40793236191688625,0.5475840830755384,0.7010615330390088,0.20556163785158746
1675181184.175462,2195347,1675181184,178122081,optitrack_world,0.23200483632614444,-0.16731319200160266,-0.25968385883166356,-0.40630756343180396,0.5501464921669854,0.7004481901561239,0.20402287607393982
1675181184.1854386,2195348,1675181184,188244911,optitrack_world,0.23187262221800886,-0.16731757306806924,-0.2594899151545943,-0.40358721379447604,0.5528372409500009,0.7004997129620791,0.20196162511835583
1675181184.1956944,2195349,1675181184,198415646,optitrack_world,0.23187794690680918,-0.1673569499803563,-0.2592655142074813,-0.40115771357164515,0.5557964386335724,0.7003837864685587,0.19906119485266804
1675181184.2058854,2195350,1675181184,208585009,optitrack_world,0.2318583233578221,-0.16692541079218312,-0.2593408403694445,-0.39859790342734325,0.5569246742718399,0.7017136567556462,0.19634806465343735
1675181184.215994,2195351,1675181184,218708745,optitrack_world,0.23141065494453958,-0.16699574048209198,-0.25908196980698106,-0.39484154444482017,0.5605786813768413,0.7014303017434724,0.19454364179353725
1675181184.2262042,2195352,1675181184,228873314,optitrack_world,0.23166910705902619,-0.16728630591718935,-0.2586833486026451,-0.39471649821107013,0.5634041621595347,0.700411210538118,0.19025974943174725
1675181184.236243,2195353,1675181184,238996396,optitrack_world,0.23125220728174323,-0.16727507759501242,-0.2582659971782107,-0.39211796116322745,0.5672223040194633,0.6994361109679422,0.18786029125412773
1675181184.2464669,2195354,1675181184,249169046,optitrack_world,0.2308371065753991,-0.1673019018982906,-0.25782883151666325,-0.38935300257292377,0.5710167946160963,0.6985180141328747,0.18551723258412584
1675181184.2566273,2195355,1675181184,259340119,optitrack_world,0.23058768115078127,-0.16733543050363547,-0.25734854390183964,-0.3873419722379053,0.5745771529919681,0.6976386384083941,0.18200995028342912
1675181184.266787,2195356,1675181184,269459920,optitrack_world,0.2303554989384184,-0.16748180852747152,-0.2569229811089707,-0.3851735154602648,0.5777977142685005,0.697079859102682,0.17852404433986618
1675181184.2769537,2195357,1675181184,279627683,optitrack_world,0.2303554989384184,-0.16748180852747152,-0.2569229811089707,-0.3851735154602648,0.5777977142685005,0.697079859102682,0.17852404433986618
1675181184.2870562,2195358,1675181184,289748571,optitrack_world,0.2297527296320406,-0.16742823571897975,-0.2556948691316595,-0.38174403744290364,0.5856927420420901,0.6942957286025306,0.17084771886182654
1675181184.2973268,2195359,1675181184,299915577,optitrack_world,0.22966033547276588,-0.16754322809442834,-0.25534205951284045,-0.3799761240084739,0.5879923658236094,0.6939814580675657,0.16814535014405563
1675181184.3073876,2195360,1675181184,310039968,optitrack_world,0.22966033547276588,-0.16754322809442834,-0.25534205951284045,-0.3799761240084739,0.5879923658236094,0.6939814580675657,0.16814535014405563
1675181184.3175685,2195361,1675181184,320163591,optitrack_world,0.22907770753090334,-0.16747654176037688,-0.25458541766004444,-0.3759927222745261,0.5921285076921996,0.6933067497116365,0.1653452568992713
1675181184.3276145,2195362,1675181184,330285552,optitrack_world,0.22907770753090334,-0.16747654176037688,-0.25458541766004444,-0.3759927222745261,0.5921285076921996,0.6933067497116365,0.1653452568992713
1675181184.3377788,2195363,1675181184,340458335,optitrack_world,0.228640738711715,-0.16746716779731885,-0.25373536416365217,-0.37383693621142944,0.595072973520069,0.6922105201687422,0.16425193173218458
1675181184.3479912,2195364,1675181184,350630356,optitrack_world,0.2286382927531125,-0.16760834582595074,-0.2532751884615393,-0.3743254401477628,0.5957147223107143,0.6914485827404245,0.16402222991628446
1675181184.3583052,2195365,1675181184,360799921,optitrack_world,0.22854876702272622,-0.16739831647696063,-0.25314788802587407,-0.3743555948413321,0.594346709810846,0.6923932381055271,0.16492871482479113
1675181184.368231,2195366,1675181184,370921372,optitrack_world,0.22829284522038104,-0.1670627937754373,-0.2530819966946919,-0.3739944997718009,0.5923552247193206,0.693785582630291,0.16704779921480956
1675181184.3784432,2195367,1675181184,381094738,optitrack_world,0.22850589888098546,-0.16735064883075754,-0.25303668550576436,-0.3749401170447299,0.5896630262356769,0.6949934932568316,0.16941507740379558
1675181184.3885734,2195368,1675181184,391238818,optitrack_world,0.2285172956974611,-0.1673564601715139,-0.25286151440461657,-0.37691590155103444,0.587886993001497,0.6947710085359609,0.17209454470015156
1675181184.3986366,2195369,1675181184,401364966,optitrack_world,0.22809924185120317,-0.16696244438502292,-0.25292189464776693,-0.37616473700929415,0.5856171434792653,0.6959608322701301,0.17661022575089472
1675181184.4088545,2195370,1675181184,411533886,optitrack_world,0.2280438941393765,-0.1672536785106798,-0.2523742476873819,-0.37768966279986105,0.5861976159806738,0.6942408660887021,0.1781922935626307
1675181184.4190009,2195371,1675181184,421661716,optitrack_world,0.22811200904908377,-0.1672530103778236,-0.25215461379030224,-0.3788930732972489,0.5850001756123663,0.6941695053753737,0.17984307422799223
1675181184.4292476,2195372,1675181184,431804577,optitrack_world,0.22811200904908377,-0.1672530103778236,-0.25215461379030224,-0.3788930732972489,0.5850001756123663,0.6941695053753737,0.17984307422799223
1675181184.4391665,2195373,1675181184,441935726,optitrack_world,0.22816462349164307,-0.16718784929686564,-0.25195360342451345,-0.37970863780697495,0.582338927542784,0.6954812798042949,0.18168245178021925
1675181184.4494262,2195374,1675181184,452056456,optitrack_world,0.22837853465780703,-0.16764513074867446,-0.2518717370869593,-0.3800449234340508,0.5815846619377496,0.695627349823133,0.18283251173903523
1675181184.4594574,2195375,1675181184,462199291,optitrack_world,0.2281398125483068,-0.16724469490017313,-0.2520317327380038,-0.3784751419478453,0.5789936761558708,0.69793481554136,0.1854990111949841
1675181184.4696393,2195376,1675181184,472321318,optitrack_world,0.2281398125483068,-0.16724469490017313,-0.2520317327380038,-0.3784751419478453,0.5789936761558708,0.69793481554136,0.1854990111949841
1675181184.4797523,2195377,1675181184,482455980,optitrack_world,0.22806955779275737,-0.16728000342764976,-0.2519106324429868,-0.37846622482645204,0.577806505115048,0.6985922958720232,0.18673982826543187
1675181184.4899242,2195378,1675181184,492591436,optitrack_world,0.22813138613615486,-0.16732141629631878,-0.25177762399337744,-0.3791666667779943,0.5772940646034392,0.6985115047965968,0.18720544715605766
1675181184.50012,2195379,1675181184,502718099,optitrack_world,0.22813138613615486,-0.16732141629631878,-0.25177762399337744,-0.3791666667779943,0.5772940646034392,0.6985115047965968,0.18720544715605766
1675181184.5102515,2195380,1675181184,512907464,optitrack_world,0.22785111728781987,-0.16713819997042872,-0.25163501572939173,-0.378630590664269,0.5764915354470591,0.6989571728721095,0.18909060225655583
1675181184.5203817,2195381,1675181184,523031819,optitrack_world,0.22785111728781987,-0.16713819997042872,-0.25163501572939173,-0.378630590664269,0.5764915354470591,0.6989571728721095,0.18909060225655583
1675181184.5305505,2195382,1675181184,533219260,optitrack_world,0.2275844316500643,-0.16709877991687522,-0.25126905044316283,-0.3781846439246688,0.5774692645954792,0.6984765991995585,0.1887751676406281
1675181184.5408132,2195383,1675181184,543405492,optitrack_world,0.22743682379086122,-0.16706921650382717,-0.25100412853410015,-0.37728184475818943,0.5787429000545788,0.6981608342194879,0.18784705165166113
1675181184.5508528,2195384,1675181184,553538294,optitrack_world,0.22730873602153487,-0.16708990019827474,-0.250826475442492,-0.376371118404113,0.5800215593619087,0.697961543248406,0.1864656967190493
1675181184.5611053,2195385,1675181184,563718152,optitrack_world,0.22714467421167722,-0.16713625808433674,-0.25048343795658956,-0.37568637158639107,0.58179327442728,0.6974021485799218,0.18440872862081173
1675181184.5711405,2195386,1675181184,573859273,optitrack_world,0.22678119745218966,-0.1670397188892213,-0.25013859840464736,-0.3741463070434541,0.5839190603198757,0.6968776382179305,0.18279668835265553
1675181184.5814424,2195387,1675181184,584051593,optitrack_world,0.22689726639378144,-0.16724608035330552,-0.24973372690408596,-0.3746052899287781,0.5852092634954509,0.6964043241901553,0.17950490780405193
1675181184.591467,2195388,1675181184,594195554,optitrack_world,0.22675254784683319,-0.1672690473017942,-0.24942030532644924,-0.37389128514367514,0.5863681281749831,0.6963001029563338,0.1776060015235311
1675181184.6015882,2195389,1675181184,604345693,optitrack_world,0.22657551663948042,-0.16749278481670654,-0.24886500253249932,-0.3736604593787833,0.5889048808535784,0.6946305617573819,0.17623077221726408
1675181184.6118917,2195390,1675181184,614541542,optitrack_world,0.22649303272039065,-0.1675673576443626,-0.24847750521777712,-0.37371597810530394,0.5901413056231164,0.6939316362795866,0.1747240432126469
1675181184.6220639,2195391,1675181184,624747246,optitrack_world,0.22587542723283566,-0.166917573958748,-0.2479906104839865,-0.3725472077663359,0.5919135883500622,0.6931536584896786,0.17431261467384893
1675181184.6322467,2195392,1675181184,634938102,optitrack_world,0.2256827709564955,-0.16692431389133056,-0.24753165427808407,-0.3724418575513938,0.5933129776368712,0.6922487954919445,0.17337352292460595
1675181184.6424372,2195393,1675181184,645130278,optitrack_world,0.22534026388439232,-0.16685285903017139,-0.2470682549999784,-0.37173428865603947,0.5948138589640145,0.6914151135392593,0.17307580013167345
1675181184.6525316,2195394,1675181184,655286352,optitrack_world,0.2250934850019537,-0.16678757182457293,-0.24674036296304147,-0.3706392217979554,0.5955366198964387,0.6914194446352689,0.17292152326297314
1675181184.662727,2195395,1675181184,665478276,optitrack_world,0.22496625990146402,-0.16673925728652944,-0.24650602716326372,-0.3700995738159887,0.5955400715187374,0.6915600047807823,0.17350241630676233
1675181184.6731575,2195396,1675181184,675655798,optitrack_world,0.22496625990146402,-0.16673925728652944,-0.24650602716326372,-0.3700995738159887,0.5955400715187374,0.6915600047807823,0.17350241630676233
1675181184.6831958,2195397,1675181184,685880363,optitrack_world,0.2249323395973544,-0.16676219827983035,-0.24617787174307665,-0.3705275832163727,0.5939531636027653,0.692318594824844,0.17499689363487017
1675181184.693408,2195398,1675181184,696065059,optitrack_world,0.22485191872444288,-0.16700962302383793,-0.24629320299953034,-0.36973068869139664,0.5917359553741146,0.6938304166591869,0.17817724286734435
1675181184.7035894,2195399,1675181184,706193362,optitrack_world,0.22485191872444288,-0.16700962302383793,-0.24629320299953034,-0.36973068869139664,0.5917359553741146,0.6938304166591869,0.17817724286734435
1675181184.7137074,2195400,1675181184,716383689,optitrack_world,0.22472566096304353,-0.16715585693354096,-0.24583511799902566,-0.37170336506841994,0.5895000636870961,0.6935536561411303,0.18250920350216182
1675181184.7239108,2195401,1675181184,726559914,optitrack_world,0.22472566096304353,-0.16715585693354096,-0.24583511799902566,-0.37170336506841994,0.5895000636870961,0.6935536561411303,0.18250920350216182
1675181184.7340775,2195402,1675181184,736759957,optitrack_world,0.2249831121747943,-0.16680351366170434,-0.24587679859708106,-0.37451341383998155,0.5845206204201279,0.6948672906742804,0.1877093378299987
1675181184.7442646,2195403,1675181184,746947017,optitrack_world,0.22506353255172884,-0.16704933648347944,-0.2459771517269352,-0.37437947147334355,0.5825232959370195,0.6957652370057443,0.1908333199531781
1675181184.7545693,2195404,1675181184,757156448,optitrack_world,0.2250327093378362,-0.16701881707884716,-0.24579583338115346,-0.37481981040087475,0.582071512747494,0.6955958183027415,0.1919617705133908
1675181184.7648423,2195405,1675181184,767449874,optitrack_world,0.22488349460409324,-0.16694464834744355,-0.24562655546685136,-0.37427084715377285,0.5822552304590151,0.695622773664797,0.19237758791712473
1675181184.7749877,2195406,1675181184,777602769,optitrack_world,0.22463049613505243,-0.1669744027981619,-0.2452759830788609,-0.3732150270860233,0.5839309441793759,0.6948888590868191,0.19200174349203367
1675181184.7851276,2195407,1675181184,787749253,optitrack_world,0.22440961706847676,-0.16703525608893,-0.2449085626799253,-0.3720011482053975,0.585866171187367,0.6942906148427962,0.19062139788946253
1675181184.7952116,2195408,1675181184,797940535,optitrack_world,0.22460954118559884,-0.16734026459227597,-0.2444326912491967,-0.3721745516972089,0.5878337182657025,0.6934416642462661,0.18728662799641912
1675181184.8054676,2195409,1675181184,808136658,optitrack_world,0.22437030028845756,-0.16743873843838503,-0.24414216766035923,-0.3702433249637989,0.589671786144032,0.6933630411670912,0.1856199291266436
1675181184.815707,2195410,1675181184,818405328,optitrack_world,0.22393858204619,-0.16692226175294028,-0.24385745399619563,-0.36870651554019734,0.591306858947644,0.6932496755043045,0.1838928801581337
1675181184.825905,2195411,1675181184,828569477,optitrack_world,0.22376966821488897,-0.16694011666835679,-0.24357212795935218,-0.3677520406632038,0.5927994871479065,0.6927681822985116,0.18280987451460232
1675181184.836158,2195412,1675181184,838760783,optitrack_world,0.22379646082062124,-0.16690817908261257,-0.2433876584050135,-0.3673132593274971,0.5932346713683365,0.6930025907144146,0.18138633761069853
1675181184.8463762,2195413,1675181184,848955934,optitrack_world,0.2236793061698007,-0.16693126607303804,-0.2431195998774568,-0.36647588864044534,0.594393395179348,0.6925629291573968,0.18096547728583443
1675181184.8564675,2195414,1675181184,859151322,optitrack_world,0.22358875902476288,-0.1669084195273064,-0.24303160550137043,-0.3652246482755213,0.5945392586168333,0.6930281250873157,0.1812347761698286
1675181184.8666825,2195415,1675181184,869366764,optitrack_world,0.22359459232967224,-0.16679733175488481,-0.2431026503694284,-0.36438549654857,0.5936664934594825,0.6939138064299653,0.18239225228734662
1675181184.8769143,2195416,1675181184,879549907,optitrack_world,0.22359459232967224,-0.16679733175488481,-0.2431026503694284,-0.36438549654857,0.5936664934594825,0.6939138064299653,0.18239225228734662
1675181184.8870213,2195417,1675181184,889694028,optitrack_world,0.22352679151492832,-0.16667231656491477,-0.2430982132574479,-0.3634841381756871,0.5922057569828074,0.6946506701436224,0.18609693484878898
1675181184.8973079,2195418,1675181184,899884046,optitrack_world,0.22337165914057058,-0.1668140742110447,-0.24322251874825274,-0.3621050760217303,0.5912451002292027,0.695295584505202,0.18940220574699343
1675181184.907333,2195419,1675181184,910016095,optitrack_world,0.22337165914057058,-0.1668140742110447,-0.24322251874825274,-0.3621050760217303,0.5912451002292027,0.695295584505202,0.18940220574699343
1675181184.9173865,2195420,1675181184,920136263,optitrack_world,0.22330889650167346,-0.16677620932994008,-0.2431969277866955,-0.361874828391903,0.5896465731142693,0.696114615953498,0.19180190000842912
1675181184.9276044,2195421,1675181184,930250856,optitrack_world,0.22330889650167346,-0.16677620932994008,-0.2431969277866955,-0.361874828391903,0.5896465731142693,0.696114615953498,0.19180190000842912
1675181184.937771,2195422,1675181184,940447825,optitrack_world,0.22319426877979265,-0.16668782477388955,-0.2430525044429609,-0.36147547399955765,0.5890973127953324,0.6966038989757931,0.19246518045048153
1675181184.9480207,2195423,1675181184,950640173,optitrack_world,0.22317347921816597,-0.16670460662523273,-0.24289691093735166,-0.3612439185460378,0.5893486410333678,0.6966484969058607,0.19196844111580214
1675181184.958263,2195424,1675181184,960830814,optitrack_world,0.22319085206011202,-0.16676945795820622,-0.2427425804767695,-0.36123471610562874,0.5897070666819744,0.696571775159194,0.1911617572554628
1675181184.968321,2195425,1675181184,970972374,optitrack_world,0.22315294245980552,-0.16677394465533035,-0.24260826118713258,-0.36092630894050165,0.5900586866094629,0.6965776913579766,0.19063700001230788
1675181184.9784715,2195426,1675181184,981108664,optitrack_world,0.2231573110720896,-0.166814978122024,-0.24251963191538467,-0.3606380626473562,0.590138639450625,0.6968012704594266,0.19011723615563028
1675181184.9886181,2195427,1675181184,991259044,optitrack_world,0.22329117400906887,-0.1669097346371085,-0.242387972284945,-0.36113162242320823,0.5899546683908924,0.6968246285413179,0.18966517231170252
1675181184.99856,2195428,1675181185,1376449,optitrack_world,0.22308331169748272,-0.16671679922445493,-0.24238992789839053,-0.36047941059314814,0.5895381892512555,0.6972033942929576,0.19080551600817472
1675181185.0087826,2195429,1675181185,11534117,optitrack_world,0.22311440091342044,-0.1667264499735273,-0.24233807110000083,-0.3607449701253025,0.5888664004040757,0.6975584863312765,0.1910800543009651
1675181185.0189548,2195430,1675181185,21680933,optitrack_world,0.22316055089138567,-0.16669423227272745,-0.2422623620629043,-0.36141046229713053,0.5882236111436817,0.6977039437160932,0.19127118956672914
1675181185.0291865,2195431,1675181185,31844232,optitrack_world,0.2228685198182407,-0.16693066213212104,-0.24173686966363253,-0.3612767906795732,0.5903603977073023,0.6959687564936164,0.19126204882274225
1675181185.0392342,2195432,1675181185,41980444,optitrack_world,0.22289548384212676,-0.1668974621046302,-0.2417009012221028,-0.36144357398488497,0.5898993663912863,0.6961461399327811,0.19172332203694165
1675181185.0494657,2195433,1675181185,52111410,optitrack_world,0.22238891383408685,-0.1668731022231832,-0.24108656662376515,-0.3599806315196744,0.5926916474575603,0.6945982630320584,0.19147795945639998
1675181185.0595076,2195434,1675181185,62242214,optitrack_world,0.22267085944794923,-0.16676801949786846,-0.2406356738394056,-0.3617078183307612,0.5943753493544169,0.693050814274066,0.1885894139984267
1675181185.0696177,2195435,1675181185,72374230,optitrack_world,0.22331311199833268,-0.16658265906415787,-0.2397340534916352,-0.3646572037566045,0.5973997552824222,0.6906659105830764,0.18198696682830415
1675181185.0797594,2195436,1675181185,82489982,optitrack_world,0.22314687874977987,-0.1663579516318172,-0.23951431420274522,-0.36159591426590126,0.5998962513297497,0.6909275037073263,0.1788632635492357
1675181185.0900552,2195437,1675181185,92668887,optitrack_world,0.22286963544513344,-0.16638433008455303,-0.23909850348330058,-0.3580590996623372,0.6039637990684688,0.6898949484931367,0.17625654770087562
1675181185.100171,2195438,1675181185,102782891,optitrack_world,0.2229042283425833,-0.16635485926978077,-0.23884355854140293,-0.35489616683455905,0.6065392661284051,0.6902631189884703,0.1723242756400315
1675181185.110099,2195439,1675181185,112871557,optitrack_world,0.22358749014467463,-0.16618494974515094,-0.23842843519109136,-0.3559499311850008,0.6081377158367951,0.6896968095993462,0.16669275897495286
1675181185.1202629,2195440,1675181185,122995544,optitrack_world,0.22358749014467463,-0.16618494974515094,-0.23842843519109136,-0.3559499311850008,0.6081377158367951,0.6896968095993462,0.16669275897495286
1675181185.1303892,2195441,1675181185,133123179,optitrack_world,0.22427105385455937,-0.16602407847387718,-0.23824368288933198,-0.35291133847035633,0.6101922466534808,0.6903723442671792,0.16280367186915237
1675181185.1406236,2195442,1675181185,143341162,optitrack_world,0.2246446294518168,-0.16589095901761258,-0.23833613814766588,-0.3510768295770054,0.61025586753899,0.6912560010936476,0.1627819916956793
1675181185.1507356,2195443,1675181185,153467945,optitrack_world,0.2246446294518168,-0.16589095901761258,-0.23833613814766588,-0.3510768295770054,0.61025586753899,0.6912560010936476,0.1627819916956793
1675181185.160977,2195444,1675181185,163650194,optitrack_world,0.2262217645489072,-0.16659299511272307,-0.23866946248918944,-0.3510254099128527,0.6085076738839921,0.6925284221407902,0.16402425719080224
1675181185.1710758,2195445,1675181185,173767402,optitrack_world,0.2262217645489072,-0.16659299511272307,-0.23866946248918944,-0.3510254099128527,0.6085076738839921,0.6925284221407902,0.16402425719080224
1675181185.181351,2195446,1675181185,183950565,optitrack_world,0.22714678200625074,-0.1670955845215964,-0.23807881114340626,-0.3478527988591678,0.6144947055036634,0.6898481241431278,0.1597005098614811
1675181185.191462,2195447,1675181185,194084930,optitrack_world,0.227391516431665,-0.16705715810470148,-0.2378945929930116,-0.34302456843325135,0.6171254067621958,0.6909409482214445,0.15521270518429642
1675181185.2015197,2195448,1675181185,204217582,optitrack_world,0.22846004493879943,-0.1672087922870633,-0.2378044830382624,-0.3420119742051004,0.6176793788452826,0.6926793036665291,0.14729350536153366
1675181185.2117333,2195449,1675181185,214352385,optitrack_world,0.22835738856717763,-0.1670811539417026,-0.23784598506324367,-0.33579920010302244,0.6198810619648002,0.6945190248178699,0.14363039508960795
1675181185.221839,2195450,1675181185,224533158,optitrack_world,0.22861764145352276,-0.16730444392962085,-0.23743284210815974,-0.3324437342900949,0.6229006694799464,0.6942346965109983,0.1396928976468507
1675181185.2320285,2195451,1675181185,234694855,optitrack_world,0.22882701410840298,-0.16701406151095177,-0.23705282818621531,-0.3308946246550026,0.6245293305253362,0.6941643046179923,0.1364103400854183
1675181185.2422261,2195452,1675181185,244877277,optitrack_world,0.22894819931746835,-0.1672559007138812,-0.2369903913877059,-0.32842713149394803,0.6245934660105831,0.6952697581068128,0.1364499357919885
1675181185.2525165,2195453,1675181185,255059140,optitrack_world,0.22921667717216115,-0.16676993273574492,-0.2369465617657105,-0.3283729271722786,0.6230934892701593,0.6965896286308015,0.13670630421984678
1675181185.2625327,2195454,1675181185,265251026,optitrack_world,0.2295992454939447,-0.16675951387994034,-0.23702184885450556,-0.32897691846101734,0.6207926009615214,0.6980438934201921,0.13829481758222845
1675181185.2727053,2195455,1675181185,275435714,optitrack_world,0.2302213432645265,-0.1669063146239514,-0.23683040573360487,-0.33149573467090493,0.618890081313649,0.6981160024649369,0.14042682168645051
1675181185.2828207,2195456,1675181185,285577167,optitrack_world,0.2307698233775934,-0.16687467435369235,-0.2366533938004765,-0.3339141478588458,0.6164899099003529,0.6985736433240133,0.14295592923614617
1675181185.2929387,2195457,1675181185,295724641,optitrack_world,0.23056800187546925,-0.16656355568385423,-0.23656473515354814,-0.33279261427768697,0.6154655617131841,0.6987188484854904,0.14914150662511075
1675181185.3032067,2195458,1675181185,305848364,optitrack_world,0.23094936355396814,-0.16676874746417136,-0.2359595250984579,-0.33438910972406993,0.615935442670022,0.6972108353537875,0.15068014078206127
1675181185.3134437,2195459,1675181185,316032282,optitrack_world,0.23160934823449497,-0.1668854373292043,-0.2357556339346388,-0.33634428085577417,0.6145172693315348,0.6971752842269456,0.15227499299623518
1675181185.3235307,2195460,1675181185,326224747,optitrack_world,0.23226653775480366,-0.16729151607198833,-0.2356453488680676,-0.3364741895725824,0.6136350964570215,0.6975361616235574,0.15388434415212715
1675181185.333726,2195461,1675181185,336411754,optitrack_world,0.23280090323631775,-0.16684318958390654,-0.2351081341730903,-0.3367428048289836,0.6143912240507029,0.6970557515806501,0.1524499471752052
1675181185.3439834,2195462,1675181185,346599099,optitrack_world,0.23325545298848835,-0.16662495715631256,-0.23480216482303146,-0.3355621601622947,0.6148785000354979,0.6974847723233294,0.15112067773267837
1675181185.3542361,2195463,1675181185,356798802,optitrack_world,0.23381894120441643,-0.16647971839955208,-0.23450852448047052,-0.3340331077542711,0.6155525834739024,0.6979713119037618,0.14950902200860536
1675181185.3644452,2195464,1675181185,366988174,optitrack_world,0.23435113964082893,-0.16608691910892803,-0.2347696694137282,-0.33090006173185194,0.6139613359658299,0.7009856052606761,0.14891544010690574
1675181185.3745377,2195465,1675181185,377183947,optitrack_world,0.2349215234017466,-0.16587093007288664,-0.23465575500241295,-0.32896426926540134,0.6137236690275392,0.7024742453427703,0.1471587654615295
1675181185.3846169,2195466,1675181185,387327910,optitrack_world,0.235521127044799,-0.16587472341075496,-0.23420532914106906,-0.32750883125440405,0.6146770851784829,0.702817048523124,0.1447696194375848
1675181185.3947878,2195467,1675181185,397466031,optitrack_world,0.2360191299661715,-0.16603755260360575,-0.23386976520851066,-0.32527143073594134,0.6154182507270091,0.7034177876076139,0.14374383150699588
1675181185.405043,2195468,1675181185,407656348,optitrack_world,0.2363657040403048,-0.16590083997743643,-0.2335396246863155,-0.3231317848436875,0.6160274237282534,0.7038311967876726,0.1439364764988236
1675181185.4151618,2195469,1675181185,417795851,optitrack_world,0.23702676603636408,-0.16592742850140074,-0.23326432898357524,-0.32256669818003103,0.6154483224429051,0.7046808377350775,0.14352353311020438
1675181185.4253333,2195470,1675181185,427989986,optitrack_world,0.23789872310668106,-0.16598213595700953,-0.23295145037940268,-0.3229683494037117,0.6140537528293563,0.7059609876494418,0.14229728682111423
1675181185.435381,2195471,1675181185,438130100,optitrack_world,0.23851788313968975,-0.16610386190684132,-0.2325413021451328,-0.32265856175158736,0.613858451262198,0.7061510371156354,0.14289845038657842
1675181185.445718,2195472,1675181185,448327041,optitrack_world,0.23906188929146782,-0.16589479121612744,-0.23233605629972576,-0.3222475392967246,0.6120929552844137,0.7076432228940379,0.14401321675644113
1675181185.455834,2195473,1675181185,458519514,optitrack_world,0.23978598733896095,-0.1661153409167878,-0.23174387017497522,-0.32321087776449686,0.611851024641605,0.7074246359754576,0.1439563703165402
1675181185.4660444,2195474,1675181185,468756307,optitrack_world,0.24071736868660293,-0.1665750402766545,-0.2315600967847442,-0.32416278300691637,0.6095141922571923,0.7089051966122152,0.14444501295119136
1675181185.4762206,2195475,1675181185,478906160,optitrack_world,0.24128532735274555,-0.16637652063677869,-0.23134089735767438,-0.3242245554734645,0.6075088053732481,0.7102161786160023,0.14630266113125204
1675181185.4863076,2195476,1675181185,489036885,optitrack_world,0.24179984247340855,-0.1662511560765412,-0.23087893520809002,-0.32421361376625163,0.606635043497344,0.7105838052056171,0.14815570332966954
1675181185.496448,2195477,1675181185,499161342,optitrack_world,0.24237321589608185,-0.16609585630286816,-0.23063243411136858,-0.3243053621962799,0.6044744147624159,0.7120233692671786,0.14986472422084376
1675181185.5065265,2195478,1675181185,509277544,optitrack_world,0.24285945258750044,-0.1659583588302685,-0.2304373851746971,-0.3235251147178111,0.6023784313747771,0.7136320796708921,0.15231868048892602
1675181185.516649,2195479,1675181185,519416481,optitrack_world,0.24332069774312529,-0.16573154960340836,-0.23016627484972615,-0.32305451664042234,0.6004982622701849,0.71495686428187,0.15451310140226626
1675181185.5269732,2195480,1675181185,529553028,optitrack_world,0.24332069774312529,-0.16573154960340836,-0.23016627484972615,-0.32305451664042234,0.6004982622701849,0.71495686428187,0.15451310140226626
1675181185.536952,2195481,1675181185,539672717,optitrack_world,0.24499783948308143,-0.16614393446798956,-0.22949192386771514,-0.32464436003165775,0.5962749328029244,0.7176237056852146,0.1551723591659406
1675181185.5470905,2195482,1675181185,549785768,optitrack_world,0.2452146704696983,-0.16570867171123232,-0.2292605243649185,-0.322856681523327,0.5946035879872204,0.7194110287531713,0.15702836704485096
1675181185.5572603,2195483,1675181185,559959587,optitrack_world,0.2452146704696983,-0.16570867171123232,-0.2292605243649185,-0.322856681523327,0.5946035879872204,0.7194110287531713,0.15702836704485096
1675181185.5673637,2195484,1675181185,570088006,optitrack_world,0.2466357128080468,-0.1653368994191271,-0.22858548600137527,-0.32192445126724606,0.5913764454313498,0.7224357415505904,0.15724231871704503
1675181185.577492,2195485,1675181185,580254393,optitrack_world,0.2466357128080468,-0.1653368994191271,-0.22858548600137527,-0.32192445126724606,0.5913764454313498,0.7224357415505904,0.15724231871704503
1675181185.5876107,2195486,1675181185,590372147,optitrack_world,0.24815103322409715,-0.16511470677675294,-0.22787820694989416,-0.32115191713607605,0.589238806944359,0.7247301653462814,0.15628583412377073
1675181185.597829,2195487,1675181185,600543960,optitrack_world,0.24889134206459454,-0.1650502842789776,-0.2274227195934983,-0.3201050368801862,0.5889556394659431,0.725622341633808,0.15535841601621012
1675181185.6079314,2195488,1675181185,610673429,optitrack_world,0.24953199594398842,-0.16506329416135357,-0.22703723725866343,-0.3182443733171028,0.5890263785414109,0.7264926074426785,0.15484487581296716
1675181185.61806,2195489,1675181185,620802780,optitrack_world,0.2505130705299928,-0.16509397773864704,-0.22659372802053113,-0.3176532009671185,0.5888666032310447,0.727355342388835,0.15260004394788157
1675181185.628272,2195490,1675181185,630964527,optitrack_world,0.25115936805140016,-0.165181126163441,-0.22599504388260583,-0.3156987015267177,0.590642582075326,0.7270516209805307,0.1512336289431647
1675181185.6384046,2195491,1675181185,641083591,optitrack_world,0.25290107443276205,-0.1653056932513244,-0.22544438155138635,-0.3177890830584742,0.5890462223188425,0.7284809786376423,0.14611676982433594
1675181185.6485167,2195492,1675181185,651266403,optitrack_world,0.25408600758634553,-0.1654737762273794,-0.22490670926622447,-0.3164923059070261,0.5899760104622022,0.729110002914659,0.1419842633200698
1675181185.6587942,2195493,1675181185,661395811,optitrack_world,0.25489095211091684,-0.16523575513867372,-0.2243987623056077,-0.31444314581843236,0.5910621023520966,0.7298075054690469,0.13839112750452903
1675181185.6687484,2195494,1675181185,671515658,optitrack_world,0.25578143997684805,-0.1651769350461189,-0.22388358222399124,-0.3116987978975956,0.5928621373532146,0.7301976454476329,0.1347951930333752
1675181185.6790178,2195495,1675181185,681700469,optitrack_world,0.25606371332991096,-0.16467908741474258,-0.22323830409362827,-0.30735479454892933,0.5956648119750081,0.7303373364687455,0.1316200478738026
1675181185.6891696,2195496,1675181185,691828523,optitrack_world,0.25701670064695714,-0.16425151540652722,-0.2226414279066589,-0.30374785645510816,0.5968841908865845,0.7314725140712893,0.12811894288832468
1675181185.6993017,2195497,1675181185,702030228,optitrack_world,0.2577668949645555,-0.16428189509203595,-0.2220427399139929,-0.3005591333485469,0.5994957109630976,0.7311796544034153,0.12508162488600236
1675181185.709453,2195498,1675181185,712221709,optitrack_world,0.25945094599553453,-0.16434842146444512,-0.22159510144998953,-0.2932719916701684,0.6002420517290142,0.7347084044699008,0.11791767738235302
1675181185.719604,2195499,1675181185,722350413,optitrack_world,0.25945094599553453,-0.16434842146444512,-0.22159510144998953,-0.2932719916701684,0.6002420517290142,0.7347084044699008,0.11791767738235302
1675181185.7298424,2195500,1675181185,732539571,optitrack_world,0.26172688639944675,-0.16490061849183665,-0.22071055916059187,-0.28959236306749003,0.6024904356743093,0.7347476294889053,0.11527124157569581
1675181185.7399988,2195501,1675181185,742709804,optitrack_world,0.2624826269771246,-0.16512447437824687,-0.22030612479613598,-0.2867463846936446,0.6039336353487931,0.7351052507570679,0.1125208659267417
1675181185.750185,2195502,1675181185,752855803,optitrack_world,0.2630525662577877,-0.16522168614245736,-0.21982594667562055,-0.28266332078598677,0.6054717694423452,0.7362664762418082,0.10685064086408155
1675181185.7603598,2195503,1675181185,762995718,optitrack_world,0.26386136300860946,-0.16524545341912233,-0.21929803504884904,-0.27997036746130227,0.606299788421755,0.7369063064867849,0.1048153393512757
1675181185.7704823,2195504,1675181185,773176935,optitrack_world,0.26386136300860946,-0.16524545341912233,-0.21929803504884904,-0.27997036746130227,0.606299788421755,0.7369063064867849,0.1048153393512757
1675181185.7807114,2195505,1675181185,783386652,optitrack_world,0.2661918266582896,-0.16519520830889217,-0.21827027958913098,-0.279760180945587,0.6065368103866482,0.7370370556662128,0.10307141882289007
1675181185.7907963,2195506,1675181185,793537749,optitrack_world,0.26696010756647415,-0.16520353478543998,-0.21783506512732853,-0.27837396489060084,0.606216892739098,0.7380494683094461,0.10144947982608596
1675181185.8009477,2195507,1675181185,803666630,optitrack_world,0.26696010756647415,-0.16520353478543998,-0.21783506512732853,-0.27837396489060084,0.606216892739098,0.7380494683094461,0.10144947982608596
1675181185.8111956,2195508,1675181185,813854904,optitrack_world,0.26817508531052875,-0.16578243824611502,-0.21691811623042112,-0.27376817517642066,0.6063993736880738,0.7399002042775882,0.09939051041858933
1675181185.8213084,2195509,1675181185,824030942,optitrack_world,0.26817508531052875,-0.16578243824611502,-0.21691811623042112,-0.27376817517642066,0.6063993736880738,0.7399002042775882,0.09939051041858933
1675181185.8315415,2195510,1675181185,834178468,optitrack_world,0.27019326350827594,-0.1662657447801526,-0.21568090473113016,-0.27599915868227765,0.6070017451568812,0.7382303602426706,0.10192782249784497
1675181185.841729,2195511,1675181185,844374622,optitrack_world,0.27109414493030637,-0.16640777727828987,-0.21551920008558842,-0.275321734173596,0.6050042608738845,0.7401182968825587,0.10194456158005291
1675181185.8518412,2195512,1675181185,854511031,optitrack_world,0.2716551324859403,-0.16637482113591429,-0.21506165327180546,-0.2736810123697408,0.60462169015539,0.741146841162417,0.10115668587337336
1675181185.8620234,2195513,1675181185,864694728,optitrack_world,0.27258320467578995,-0.16627880015758828,-0.21463161155725763,-0.2739815940113871,0.6044664229618619,0.7408510767469056,0.10341233842062313
1675181185.872106,2195514,1675181185,874837092,optitrack_world,0.273569242653719,-0.16634936287511692,-0.21411649610662087,-0.27416671690727085,0.6038047560952381,0.7414682906530496,0.10235820344800549
1675181185.8823452,2195515,1675181185,885028387,optitrack_world,0.2743611484005105,-0.16641046595372788,-0.21364308970778206,-0.2729464051432495,0.603706030943066,0.7421212180508129,0.10146618077529443
1675181185.8925161,2195516,1675181185,895174640,optitrack_world,0.2751763684023474,-0.16629400032981284,-0.2131636515398288,-0.27269913497850984,0.6034289598682853,0.7427584958875348,0.09908828871838858
1675181185.902587,2195517,1675181185,905319638,optitrack_world,0.275994380257028,-0.16606019614640904,-0.21273422258984587,-0.2713048457157073,0.6031747244738191,0.7432536900396309,0.1007367097416863
1675181185.9127595,2195518,1675181185,915513652,optitrack_world,0.2770811639194559,-0.16622662729825396,-0.21224047997084616,-0.2717186484289654,0.6030844484523816,0.7433918600624544,0.09912954415161598
1675181185.922897,2195519,1675181185,925647676,optitrack_world,0.2777139680894709,-0.16620245091036417,-0.21185717210710442,-0.26957723835051106,0.6031979496874684,0.7440681115523741,0.09921185124283256
1675181185.9330914,2195520,1675181185,935815444,optitrack_world,0.2782371892528618,-0.16607027815073278,-0.21148721515063057,-0.2672186368602621,0.6031463317731024,0.7449785130063858,0.09907430414586918
1675181185.9432263,2195521,1675181185,945963108,optitrack_world,0.27868472990534776,-0.16602058933822184,-0.2112665123906622,-0.26431056357568494,0.6026670946476193,0.746453023793011,0.09869236181980809
1675181185.9534998,2195522,1675181185,956162605,optitrack_world,0.27868472990534776,-0.16602058933822184,-0.2112665123906622,-0.26431056357568494,0.6026670946476193,0.746453023793011,0.09869236181980809
1675181185.9636118,2195523,1675181185,966364843,optitrack_world,0.2807418134165826,-0.16628321170505977,-0.2102501013553489,-0.26585206260503946,0.602301033262754,0.7462418675470558,0.09838303339065879
1675181185.973903,2195524,1675181185,976546360,optitrack_world,0.2807418134165826,-0.16628321170505977,-0.2102501013553489,-0.26585206260503946,0.602301033262754,0.7462418675470558,0.09838303339065879
1675181185.9840372,2195525,1675181185,986749823,optitrack_world,0.2815446071637998,-0.1653445256351352,-0.21078634009134373,-0.25875509908920796,0.5945723793331551,0.7543053315049132,0.10272755858438326
1675181185.9942076,2195526,1675181185,996931017,optitrack_world,0.28226347853102407,-0.16520692134826748,-0.21017802236616634,-0.25905640535676844,0.5941597698301256,0.7543257723010866,0.10419489431546598
1675181186.0043886,2195527,1675181186,7116688,optitrack_world,0.28226347853102407,-0.16520692134826748,-0.21017802236616634,-0.25905640535676844,0.5941597698301256,0.7543257723010866,0.10419489431546598
1675181186.0145886,2195528,1675181186,17303635,optitrack_world,0.28424117267223814,-0.16571090835954155,-0.20933953534342048,-0.26175975592212913,0.5920555808547915,0.7550221020376603,0.10437262472945588
1675181186.024736,2195529,1675181186,27483751,optitrack_world,0.28466692428048646,-0.16568562591450534,-0.20870385788200801,-0.260747771698347,0.592629029717592,0.7545350890983272,0.1071365110954786
1675181186.034939,2195530,1675181186,37627116,optitrack_world,0.2855113606738185,-0.16572670136982193,-0.20830077234591998,-0.26195008122002217,0.59162597225448,0.754747077711832,0.1082483837672176
1675181186.045181,2195531,1675181186,47833684,optitrack_world,0.2861743775801435,-0.1655919561492365,-0.20781200841906744,-0.26278986859354914,0.5907489591327876,0.7547692762229222,0.11081738093836817
1675181186.05538,2195532,1675181186,57979114,optitrack_world,0.2871409202128759,-0.16585689525920339,-0.20732887702261504,-0.26435945592928844,0.5898003502729909,0.7549763343077581,0.1107265077289449
1675181186.065482,2195533,1675181186,68196134,optitrack_world,0.28759387793717917,-0.16564318485282148,-0.2068592415833151,-0.26316568020744385,0.5898652825835696,0.754935257621755,0.11347039245165898
1675181186.0756936,2195534,1675181186,78339552,optitrack_world,0.28837093727399155,-0.16556270116330613,-0.2064934167332534,-0.26313832590589215,0.5890917652591533,0.7555597171313642,0.1133958878957793
1675181186.0858312,2195535,1675181186,88486409,optitrack_world,0.2892036423897761,-0.16573521300297922,-0.2059060419620357,-0.2630841030446565,0.5897361933006648,0.7550684255976706,0.11344447849888634
1675181186.0960708,2195536,1675181186,98677335,optitrack_world,0.290184772685763,-0.1659825587146809,-0.20546565095355138,-0.2632080335607283,0.5897661753921489,0.755206585921173,0.11207319935514243
1675181186.106264,2195537,1675181186,108801849,optitrack_world,0.29096015964623745,-0.16594970134276568,-0.20504644441087008,-0.26204306900824315,0.5900876151866837,0.7553760672065806,0.11196889514303918
1675181186.116269,2195538,1675181186,118934983,optitrack_world,0.29166088346522145,-0.16579161868730413,-0.20461621611375436,-0.2602517886833849,0.5905183151038099,0.7558024700061619,0.11099437979754193
1675181186.1264298,2195539,1675181186,129116292,optitrack_world,0.29166088346522145,-0.16579161868730413,-0.20461621611375436,-0.2602517886833849,0.5905183151038099,0.7558024700061619,0.11099437979754193
1675181186.1365418,2195540,1675181186,139278453,optitrack_world,0.2933773790134564,-0.16584633331217247,-0.20370831913475923,-0.2578427461594353,0.5918196461148537,0.7562258743499176,0.10671950004171239
1675181186.1466758,2195541,1675181186,149406005,optitrack_world,0.2934654276341836,-0.16581810351591547,-0.20252575963373953,-0.25198953809300495,0.5966985790366842,0.7542099034267014,0.1077937847946798
1675181186.1568015,2195542,1675181186,159529325,optitrack_world,0.2934654276341836,-0.16581810351591547,-0.20252575963373953,-0.25198953809300495,0.5966985790366842,0.7542099034267014,0.1077937847946798
1675181186.167018,2195543,1675181186,169665138,optitrack_world,0.29569407106062673,-0.1659678847133237,-0.20203281032003756,-0.2516259795155456,0.5960936050927129,0.7555455186254829,0.10250731527732625
1675181186.177154,2195544,1675181186,179849716,optitrack_world,0.29569407106062673,-0.1659678847133237,-0.20203281032003756,-0.2516259795155456,0.5960936050927129,0.7555455186254829,0.10250731527732625
1675181186.187296,2195545,1675181186,189982141,optitrack_world,0.2976801551234311,-0.16596415445088256,-0.20109878153933597,-0.24985697116735867,0.5970304976346059,0.7558891121025182,0.09878121814451915
1675181186.197419,2195546,1675181186,200103726,optitrack_world,0.29852946069941805,-0.16585550487109083,-0.20074049163389027,-0.24856840598122595,0.5972669613229568,0.7563036411679953,0.09742036140369485
1675181186.2075374,2195547,1675181186,210237792,optitrack_world,0.29852946069941805,-0.16585550487109083,-0.20074049163389027,-0.24856840598122595,0.5972669613229568,0.7563036411679953,0.09742036140369485
1675181186.217839,2195548,1675181186,220419290,optitrack_world,0.3000977710085583,-0.16548185917072208,-0.20009530647439705,-0.24525279737489442,0.5967524162937465,0.7581164411474066,0.0948529424390981
1675181186.2279413,2195549,1675181186,230599567,optitrack_world,0.3006393994017362,-0.16529785882686698,-0.19942682281953772,-0.2431339019874413,0.5983602014664927,0.7575786581706552,0.09447513794480111
1675181186.2381017,2195550,1675181186,240780514,optitrack_world,0.3009612084417499,-0.16479547989425214,-0.19904843552364135,-0.23853156510779835,0.5985014500886142,0.7586470458672366,0.09671280414694426
1675181186.248319,2195551,1675181186,250956302,optitrack_world,0.3027340014232637,-0.16532026562905627,-0.19863698636159588,-0.2424699287540677,0.5974874279987911,0.758877430440838,0.09122583296905523
1675181186.2584772,2195552,1675181186,261156731,optitrack_world,0.30334351029874734,-0.16517757084494905,-0.1980980169816678,-0.24043593743121774,0.5980660588099285,0.7591367737350907,0.09065819353047154
1675181186.2686243,2195553,1675181186,271333981,optitrack_world,0.30454375707337916,-0.1652641250788782,-0.19768278286005725,-0.24125798246189722,0.5974607648707635,0.7596998207180106,0.0877006427540864
1675181186.2788026,2195554,1675181186,281507721,optitrack_world,0.3054471057431555,-0.16526481134700338,-0.19736300683107671,-0.2394321246659637,0.5969845439400505,0.7607397805268015,0.0869292718171859
1675181186.2890794,2195555,1675181186,291702462,optitrack_world,0.30655305323672394,-0.1653218540402485,-0.1969572818726662,-0.23913612039814672,0.5969250893498145,0.7611695244062358,0.08435228948181472
1675181186.2991154,2195556,1675181186,301830564,optitrack_world,0.30640616188746944,-0.16506790072280658,-0.19635068385837057,-0.23172442859633027,0.6000809067420075,0.7607272231206085,0.08660708145759387
1675181186.309306,2195557,1675181186,312039237,optitrack_world,0.3080033869422705,-0.16549004038464066,-0.19543131926438617,-0.22575916745760247,0.6016926814437713,0.7617376625960481,0.08218545363118493
1675181186.3194854,2195558,1675181186,322174967,optitrack_world,0.3080033869422705,-0.16549004038464066,-0.19543131926438617,-0.22575916745760247,0.6016926814437713,0.7617376625960481,0.08218545363118493
1675181186.3296406,2195559,1675181186,332372509,optitrack_world,0.31024115815341674,-0.16559120582308154,-0.19452498802441728,-0.2231987578485158,0.6022757488257465,0.7629315706839028,0.07335976639179596
1675181186.3399115,2195560,1675181186,342570625,optitrack_world,0.31125568521209906,-0.16577046432494452,-0.19403736872975785,-0.22060401996177723,0.6034084791301224,0.7633330664384761,0.06748854252544917
1675181186.350011,2195561,1675181186,352761860,optitrack_world,0.3122479301787702,-0.16587779571256955,-0.1933953934048599,-0.2177179931994599,0.6051558425207831,0.7633235547151622,0.06101174081412393
1675181186.360265,2195562,1675181186,362955724,optitrack_world,0.3134569914432515,-0.16610442769811098,-0.19285964558099455,-0.21487929071071502,0.6067500814760697,0.7634750807571297,0.05279233008058181
1675181186.3703756,2195563,1675181186,373088049,optitrack_world,0.3134569914432515,-0.16610442769811098,-0.19285964558099455,-0.21487929071071502,0.6067500814760697,0.7634750807571297,0.05279233008058181
1675181186.3804998,2195564,1675181186,383301628,optitrack_world,0.3150837522767611,-0.16578012882593665,-0.19194573592455205,-0.20464553317969764,0.6094623334890515,0.7650853637909405,0.036335326069289915
1675181186.390779,2195565,1675181186,393448744,optitrack_world,0.31583872833882687,-0.16571920198062529,-0.19148600983408975,-0.19798932650067178,0.6119240836964954,0.765213112759622,0.02824950344244988
1675181186.4009042,2195566,1675181186,403646372,optitrack_world,0.31730555785801057,-0.16617142954123618,-0.19096641294198585,-0.19409922732173512,0.6144805593287858,0.7644977014163502,0.016804662722145553
1675181186.4111547,2195567,1675181186,413849809,optitrack_world,0.31775168077497684,-0.16579766185718106,-0.190327175992214,-0.18536214143768232,0.6178890328338381,0.7640570222202805,0.008419407412553878
1675181186.4214125,2195568,1675181186,424051405,optitrack_world,0.31872717831797553,-0.16571347580249068,-0.18984128783045628,-0.17850883808833476,0.6199593380939907,0.7640535652962409,-0.0026764141152864694
1675181186.4315112,2195569,1675181186,434200213,optitrack_world,0.3192374211678717,-0.1653299192443013,-0.18908093774400658,-0.16712710411231635,0.6225249663780185,0.7644245293839216,-0.013650501208669001
1675181186.4417431,2195570,1675181186,444394343,optitrack_world,0.3200541468571703,-0.16501096228309373,-0.18883474819053128,-0.15916807132083352,0.624302173208131,0.7644532767120822,-0.022880326129047966
1675181186.451809,2195571,1675181186,454534610,optitrack_world,0.32130577979770264,-0.16532352668150654,-0.1882275643598406,-0.1524186252849425,0.6270650900398541,0.7630428535713416,-0.036380477364404015
1675181186.4620376,2195572,1675181186,464721518,optitrack_world,0.32269791488532895,-0.16594726289140738,-0.18738935491384023,-0.14615508802449156,0.6325843289211713,0.7589121134609316,-0.05028082229007916
1675181186.4722419,2195573,1675181186,474910408,optitrack_world,0.32376760882461414,-0.16576233463449314,-0.18679259245067195,-0.13758743386319622,0.6350072166375662,0.75753675445957,-0.06303648549858126
1675181186.4824836,2195574,1675181186,485066579,optitrack_world,0.32562176101331924,-0.1660625964945605,-0.18676100592687597,-0.13100233111023574,0.6343342772541476,0.7578177792129228,-0.07855334144984602
1675181186.4926493,2195575,1675181186,495262596,optitrack_world,0.3265424571724545,-0.16599562098022358,-0.1855929896972903,-0.12224560288889375,0.6399356563283808,0.7532694395229637,-0.09013057092161078
1675181186.5026846,2195576,1675181186,505405585,optitrack_world,0.3272606770212694,-0.16578452193103124,-0.18529078234345434,-0.11227884439770011,0.6412244426528981,0.7523371594451014,-0.10106173243752294
1675181186.5127575,2195577,1675181186,515532042,optitrack_world,0.328535765021903,-0.16590457256577726,-0.18433501136184816,-0.10428699955199613,0.6450236195737812,0.7484616869979921,-0.11346301164917036
1675181186.522884,2195578,1675181186,525644024,optitrack_world,0.328535765021903,-0.16590457256577726,-0.18433501136184816,-0.10428699955199613,0.6450236195737812,0.7484616869979921,-0.11346301164917036
1675181186.5331032,2195579,1675181186,535753400,optitrack_world,0.33093254355414287,-0.16595973912669665,-0.18342159485791007,-0.0901628872448413,0.6489257932280583,0.7435361721354179,-0.13386534044785278
1675181186.5432014,2195580,1675181186,545850853,optitrack_world,0.3320267651515828,-0.1660885204354564,-0.18224955553708097,-0.08295951958946522,0.6534182198470402,0.7388369466030004,-0.14241599073055447
1675181186.553414,2195581,1675181186,556027023,optitrack_world,0.3334186960392346,-0.16621641630129969,-0.18204663259866097,-0.07883160356702315,0.6537749382823701,0.737321732577592,-0.15073344360729238
1675181186.5635724,2195582,1675181186,566220675,optitrack_world,0.33427296089513625,-0.16618745705598087,-0.18120551308108934,-0.07152774433767038,0.6560802776706744,0.734804478793598,-0.15654018329618857
1675181186.5737019,2195583,1675181186,576401897,optitrack_world,0.33427296089513625,-0.16618745705598087,-0.18120551308108934,-0.07152774433767038,0.6560802776706744,0.734804478793598,-0.15654018329618857
1675181186.5838118,2195584,1675181186,586519705,optitrack_world,0.33656126101826306,-0.1662902678765133,-0.1804533953324161,-0.06393256022810309,0.6565207396376926,0.7327927213012349,-0.16705679805439733
1675181186.5940132,2195585,1675181186,596687052,optitrack_world,0.3378700867351201,-0.16644998857364934,-0.18015313128012836,-0.06164062683342317,0.6560213025221464,0.7324229356842612,-0.17144423887776924
1675181186.6041565,2195586,1675181186,606859606,optitrack_world,0.3378700867351201,-0.16644998857364934,-0.18015313128012836,-0.06164062683342317,0.6560213025221464,0.7324229356842612,-0.17144423887776924
1675181186.614461,2195587,1675181186,617049040,optitrack_world,0.33954126635661036,-0.1661075008606163,-0.17841946205090856,-0.05512001441296859,0.6595011019456061,0.7290825569468918,-0.17452422668336812
1675181186.6245525,2195588,1675181186,627249096,optitrack_world,0.33954126635661036,-0.1661075008606163,-0.17841946205090856,-0.05512001441296859,0.6595011019456061,0.7290825569468918,-0.17452422668336812
1675181186.6346493,2195589,1675181186,637367239,optitrack_world,0.34102352221359533,-0.1659381239244862,-0.17776656267111476,-0.05088697746314886,0.6575774947339937,0.7309566736011806,-0.17522755280470786
1675181186.644851,2195590,1675181186,647515646,optitrack_world,0.3424045728388072,-0.1662218010361014,-0.17700114011236745,-0.052216437019121646,0.6590953027784896,0.7292191576076934,-0.17636962816280294
1675181186.6550133,2195591,1675181186,657639198,optitrack_world,0.343176108066569,-0.16607196074875807,-0.1766085998065452,-0.051485855353081866,0.6576582088289081,0.7305469599068689,-0.1764540348910884
1675181186.6651886,2195592,1675181186,667798837,optitrack_world,0.3438722933996548,-0.16602311696747138,-0.17653150047181984,-0.05128682434298245,0.6549533043672643,0.7332713466166928,-0.17526826004201618
1675181186.675278,2195593,1675181186,677981143,optitrack_world,0.3443581470906383,-0.16590741774603074,-0.1761594621313902,-0.05014869177209039,0.6534677001622301,0.735234360997686,-0.17290317511994355
1675181186.6855195,2195594,1675181186,688141917,optitrack_world,0.34518760694585626,-0.1658172371846341,-0.17546290243882373,-0.051128274809436935,0.6530197207137808,0.7359298072179482,-0.1713431140199684
1675181186.6956618,2195595,1675181186,698343066,optitrack_world,0.3461664239202965,-0.16598582458323344,-0.1749321749652507,-0.05405776039548971,0.6524284487921009,0.7364999619961288,-0.1702430137405281
1675181186.7058697,2195596,1675181186,708531765,optitrack_world,0.3471666110590272,-0.16601105997094212,-0.17475840955446534,-0.057374684249604395,0.6505027090950014,0.7383521177125868,-0.16849487035711386
1675181186.7161086,2195597,1675181186,718750511,optitrack_world,0.3479740284801753,-0.16611353192166473,-0.17483049876969323,-0.05865590404472162,0.646813598352913,0.7418284844850845,-0.16697950027777542
1675181186.7263098,2195598,1675181186,728948366,optitrack_world,0.34861854736543796,-0.16603556408607412,-0.1742818448848107,-0.05959102943492436,0.6459023762110154,0.7429757530033287,-0.16506380604174406
1675181186.7364042,2195599,1675181186,739077755,optitrack_world,0.34926606283570477,-0.1660193048542449,-0.17386461465168945,-0.060860545919122065,0.6445403129356978,0.7445175424437288,-0.1629644376688657
1675181186.7465663,2195600,1675181186,749238037,optitrack_world,0.3495017989811562,-0.1658428378695358,-0.1732454028359299,-0.05968097372728046,0.6448828032631041,0.7449865752990037,-0.159872930963144
1675181186.7568111,2195601,1675181186,759383684,optitrack_world,0.35033573069499246,-0.16589312363129333,-0.17293603284742853,-0.06054865366843373,0.6434981023597905,0.7461737089993865,-0.15958962621795766
1675181186.7668035,2195602,1675181186,769507765,optitrack_world,0.3506085754919695,-0.16579682271651064,-0.17246778678417526,-0.05930807569302446,0.6433575152757054,0.7468501173720606,-0.1574438372156886
1675181186.777023,2195603,1675181186,779671818,optitrack_world,0.3506085754919695,-0.16579682271651064,-0.17246778678417526,-0.05930807569302446,0.6433575152757054,0.7468501173720606,-0.1574438372156886
1675181186.787225,2195604,1675181186,789861492,optitrack_world,0.35179279033986277,-0.16547363297332238,-0.17222410316521689,-0.05730778381068634,0.6374993594394942,0.7516955350808519,-0.1589471835813834
1675181186.7974756,2195605,1675181186,800053131,optitrack_world,0.35239123246962023,-0.1654158001901162,-0.1718377272424346,-0.055371423467907424,0.6361941556415809,0.75246693340254,-0.16119713374130182
1675181186.8075578,2195606,1675181186,810235587,optitrack_world,0.35239123246962023,-0.1654158001901162,-0.1718377272424346,-0.055371423467907424,0.6361941556415809,0.75246693340254,-0.16119713374130182
1675181186.8177683,2195607,1675181186,820430475,optitrack_world,0.3537235447339573,-0.16535867937825582,-0.17092076672044343,-0.05149525351203232,0.6356123179442391,0.7517607326639778,-0.16793159609734667
1675181186.8278859,2195608,1675181186,830554287,optitrack_world,0.3537235447339573,-0.16535867937825582,-0.17092076672044343,-0.05149525351203232,0.6356123179442391,0.7517607326639778,-0.16793159609734667
1675181186.838129,2195609,1675181186,840751059,optitrack_world,0.355020357511106,-0.16534034029845446,-0.1699081425309132,-0.04468678609752624,0.6354186656775092,0.7499632360829763,-0.17832934413841642
1675181186.8482513,2195610,1675181186,850938724,optitrack_world,0.355983579936772,-0.1657214890522154,-0.16935934144505327,-0.04286184635156652,0.6372422965957985,0.746792634508739,-0.18543429725955207
1675181186.8584301,2195611,1675181186,861154422,optitrack_world,0.35714060633832073,-0.1659951149419267,-0.16933282540827377,-0.04074996962195203,0.6352727639043763,0.7464567053200378,-0.19383070577145112
1675181186.8686945,2195612,1675181186,871447318,optitrack_world,0.3573834893031194,-0.16560323228856613,-0.16855701441283513,-0.03437329621969038,0.6380683581091654,0.7433579162868815,-0.19775301560404335
1675181186.8789117,2195613,1675181186,881624233,optitrack_world,0.357921069687776,-0.165498173316791,-0.16810186629305832,-0.027798323081317224,0.6378187396739737,0.7420970054866786,-0.20422179854823289
1675181186.889261,2195614,1675181186,891821253,optitrack_world,0.35890016820435416,-0.1657064151525148,-0.1678097472666234,-0.02477615000808296,0.6379575590427412,0.7399489821509408,-0.21182964633117574
1675181186.8990893,2195615,1675181186,901940032,optitrack_world,0.36057784183630104,-0.16584007543251506,-0.16699178434760342,-0.015708803710572327,0.6382088303508096,0.7357580708373289,-0.22605924786649717
1675181186.9094203,2195616,1675181186,912118925,optitrack_world,0.3606890864607675,-0.1654575451227057,-0.16646358727396118,-0.008298568652858752,0.6384782737755417,0.7343750863945939,-0.2301518198013022
1675181186.919504,2195617,1675181186,922249360,optitrack_world,0.3606890864607675,-0.1654575451227057,-0.16646358727396118,-0.008298568652858752,0.6384782737755417,0.7343750863945939,-0.2301518198013022
1675181186.92955,2195618,1675181186,932372018,optitrack_world,0.36311081193384737,-0.1658583067706925,-0.16569480589457933,-0.003290384192201022,0.6383500560595969,0.7298887230613029,-0.24446028562635275
1675181186.9397774,2195619,1675181186,942521154,optitrack_world,0.36401028921025985,-0.1660234000971253,-0.16532903499181448,-0.0005812805816038862,0.6381824618356406,0.728426637246855,-0.24923370893104596
1675181186.9500787,2195620,1675181186,952680986,optitrack_world,0.36468437784624036,-0.16610604436939208,-0.16490743927629778,0.002329437649913452,0.6381682416222484,0.7272977470351889,-0.2525348614796405
1675181186.9601634,2195621,1675181186,962853787,optitrack_world,0.36488239348364804,-0.16572128546442572,-0.16420281196047457,0.008011648781017715,0.6383368706481095,0.7267345067393198,-0.2536115331946597
1675181186.9703467,2195622,1675181186,973037136,optitrack_world,0.36488239348364804,-0.16572128546442572,-0.16420281196047457,0.008011648781017715,0.6383368706481095,0.7267345067393198,-0.2536115331946597
1675181186.9805043,2195623,1675181186,983182054,optitrack_world,0.3666235310092538,-0.16567087138456515,-0.16320488218189524,0.00968995688393277,0.6392305357669558,0.7249456181606405,-0.2564064694744757
1675181186.9905608,2195624,1675181186,993322464,optitrack_world,0.36794103159685404,-0.16617133692941563,-0.16287830945053347,0.008415114412132694,0.6376358908962809,0.7253444417289177,-0.25927803096926977
1675181187.000673,2195625,1675181187,3426819,optitrack_world,0.36794103159685404,-0.16617133692941563,-0.16287830945053347,0.008415114412132694,0.6376358908962809,0.7253444417289177,-0.25927803096926977
1675181187.0109482,2195626,1675181187,13555227,optitrack_world,0.36957778061955104,-0.1662280977318887,-0.16194621787125674,0.008195096560925704,0.6371829951940405,0.7259474956071817,-0.2587100783687588
1675181187.0210462,2195627,1675181187,23739953,optitrack_world,0.36957778061955104,-0.1662280977318887,-0.16194621787125674,0.008195096560925704,0.6371829951940405,0.7259474956071817,-0.2587100783687588
1675181187.0311384,2195628,1675181187,33863329,optitrack_world,0.3706015756792236,-0.16575967218909296,-0.16137949307129335,0.011226151625765707,0.6321866191619765,0.7315358486185569,-0.2550869543080421
1675181187.0413547,2195629,1675181187,44021275,optitrack_world,0.37150483643834276,-0.16573818777755628,-0.16096215097854938,0.010148218436694879,0.6314827390372846,0.7324833222741525,-0.25415496562284573
1675181187.0513904,2195630,1675181187,54125358,optitrack_world,0.37241524388106906,-0.16584567119972066,-0.16089217079092596,0.00940255988694465,0.6290147458556934,0.7347648459700231,-0.25371768265203376
1675181187.0615048,2195631,1675181187,64288083,optitrack_world,0.37315219684510204,-0.1657911727474275,-0.16022230427704837,0.008974250444399931,0.6298942615676717,0.7345854918334521,-0.25206514487505793
1675181187.071693,2195632,1675181187,74393161,optitrack_world,0.37413859057524584,-0.16588020574761614,-0.15979974755118154,0.008179095225885563,0.6295791144931163,0.7349510836638,-0.2518137121301289
1675181187.0819237,2195633,1675181187,84567733,optitrack_world,0.37476985571943383,-0.1658240045110284,-0.15950720972986537,0.009111124433288483,0.6279191577749158,0.736532501098721,-0.25130537904323486
1675181187.0921168,2195634,1675181187,94756324,optitrack_world,0.37578596331156333,-0.1658773343969445,-0.15892948205192062,0.008455718381486623,0.6283996301012342,0.7362832861463993,-0.25085718697447085
1675181187.1022441,2195635,1675181187,104899941,optitrack_world,0.3763561283395176,-0.16568688173152793,-0.15847065641953995,0.00980606574640065,0.627768384495135,0.7372049255790859,-0.24967898230503924
1675181187.1123836,2195636,1675181187,115026904,optitrack_world,0.3771114913857789,-0.1657209206373457,-0.1579337573250444,0.010104978360901976,0.6276126361890338,0.7377076720728382,-0.24857123500729303
1675181187.122453,2195637,1675181187,125161184,optitrack_world,0.3771114913857789,-0.1657209206373457,-0.1579337573250444,0.010104978360901976,0.6276126361890338,0.7377076720728382,-0.24857123500729303
1675181187.1326,2195638,1675181187,135291926,optitrack_world,0.37886542622466957,-0.16574984956718597,-0.15712219445325926,0.009056530209869526,0.6260097917853001,0.7394292862237386,-0.2475359580427362
1675181187.142706,2195639,1675181187,145433098,optitrack_world,0.379863459347201,-0.16576355788981306,-0.1565889748204364,0.007577146877674559,0.6261007474962678,0.7395362747029838,-0.24703550195921617
1675181187.1528757,2195640,1675181187,155536610,optitrack_world,0.379863459347201,-0.16576355788981306,-0.1565889748204364,0.007577146877674559,0.6261007474962678,0.7395362747029838,-0.24703550195921617
1675181187.162882,2195641,1675181187,165621237,optitrack_world,0.38139275552237933,-0.16572571467972919,-0.1557929194318511,0.008216618524088993,0.6245405286380569,0.7416599055942922,-0.24458577166791948
1675181187.173104,2195642,1675181187,175704912,optitrack_world,0.38139275552237933,-0.16572571467972919,-0.1557929194318511,0.008216618524088993,0.6245405286380569,0.7416599055942922,-0.24458577166791948
1675181187.183171,2195643,1675181187,185811587,optitrack_world,0.38303856504553224,-0.1658725878144398,-0.15527175912327326,0.00661083923687268,0.6217595223206495,0.7451107358172485,-0.24120817684742887
1675181187.1933424,2195644,1675181187,195979445,optitrack_world,0.383652991391525,-0.16574663693261615,-0.1549921751668143,0.0050110851447456506,0.620724937876481,0.7470077147627658,-0.23802292874599554
1675181187.2034292,2195645,1675181187,206105521,optitrack_world,0.383652991391525,-0.16574663693261615,-0.1549921751668143,0.0050110851447456506,0.620724937876481,0.7470077147627658,-0.23802292874599554
1675181187.2136326,2195646,1675181187,216290233,optitrack_world,0.38500279612020044,-0.16565940712912736,-0.15415146653853748,0.003147812385702971,0.6197326205234753,0.7499098404304047,-0.23142342483408093
1675181187.223782,2195647,1675181187,226415828,optitrack_world,0.38500279612020044,-0.16565940712912736,-0.15415146653853748,0.003147812385702971,0.6197326205234753,0.7499098404304047,-0.23142342483408093
1675181187.233925,2195648,1675181187,236547104,optitrack_world,0.38627621148358354,-0.1656569907011659,-0.15398658275550503,0.0006078255037270109,0.6152796903938822,0.7555834046848685,-0.2247760033940185
1675181187.2440686,2195649,1675181187,246742198,optitrack_world,0.38634918955948927,-0.16551685444818157,-0.153392402754487,0.002736180152527608,0.6145673038401652,0.7578814345378354,-0.2188955768207198
1675181187.2542803,2195650,1675181187,256913672,optitrack_world,0.38691052878210636,-0.1653931642594428,-0.15311859596312774,0.001321803385064958,0.6138520291496422,0.7599065769504539,-0.21383623044779357
1675181187.2644315,2195651,1675181187,267087843,optitrack_world,0.3875087986418725,-0.16542429695775024,-0.1525575424656279,-0.00023827596662311397,0.6143463566859894,0.7608269697431542,-0.20909523993306098
1675181187.274612,2195652,1675181187,277246975,optitrack_world,0.38842357411638845,-0.16559549150730446,-0.15268574154248574,-0.0037047427153713195,0.6114666349264519,0.764070258196205,-0.2056488993238687
1675181187.2846696,2195653,1675181187,287372525,optitrack_world,0.3888708100589138,-0.1654340448991357,-0.15225757126002992,-0.005159232122860874,0.611494328824376,0.7655737605991324,-0.19986216555824315
1675181187.2950897,2195654,1675181187,297559853,optitrack_world,0.3892319698453637,-0.16527260464955926,-0.15209049186960452,-0.006065850012520802,0.609416197150573,0.7686230435186862,-0.19440607265780446
1675181187.3050704,2195655,1675181187,307736592,optitrack_world,0.38996966319125836,-0.1653089585966854,-0.15188493119959537,-0.008814199140159075,0.608550075917978,0.7705001227584797,-0.18952223041877847
1675181187.315257,2195656,1675181187,317914974,optitrack_world,0.3898028292079336,-0.16501325100624725,-0.1514865706105083,-0.007240754274522352,0.608245367276758,0.7727315653762074,-0.18130381279811483
1675181187.3255308,2195657,1675181187,328095684,optitrack_world,0.3898028292079336,-0.16501325100624725,-0.1514865706105083,-0.007240754274522352,0.608245367276758,0.7727315653762074,-0.18130381279811483
1675181187.3356328,2195658,1675181187,338302384,optitrack_world,0.3910406101338464,-0.16519337246386095,-0.15112783221334622,-0.01189766582713694,0.6067430123232046,0.7762764116070947,-0.1706349768577411
1675181187.345729,2195659,1675181187,348482311,optitrack_world,0.39170471948739477,-0.16526238634457935,-0.1508816486587622,-0.013954925361597686,0.6067410928744326,0.7773547044948688,-0.16549975732727412
1675181187.3560445,2195660,1675181187,358662379,optitrack_world,0.39170471948739477,-0.16526238634457935,-0.1508816486587622,-0.013954925361597686,0.6067410928744326,0.7773547044948688,-0.16549975732727412
1675181187.3661857,2195661,1675181187,368797291,optitrack_world,0.3924472813041406,-0.16518046617383025,-0.1504553423537892,-0.015789462847083664,0.6053037605498658,0.7807590891847872,-0.15418591045401303
1675181187.3762703,2195662,1675181187,378971677,optitrack_world,0.3923793619433256,-0.16479268508394365,-0.15011693562241152,-0.01429510926495729,0.6044600297042818,0.7827722112927579,-0.1472799632293808
1675181187.3864899,2195663,1675181187,389175913,optitrack_world,0.39260661777096123,-0.16461631898660517,-0.14990389031597365,-0.014284360928146233,0.6031656809972503,0.7847257919268703,-0.14210049185257614
1675181187.396732,2195664,1675181187,399357687,optitrack_world,0.39319903719063504,-0.16482961143767777,-0.14981267500998233,-0.01551821690605321,0.6021536044055464,0.7861669594739349,-0.1382451933232171
1675181187.406877,2195665,1675181187,409490520,optitrack_world,0.3942366622342546,-0.16532274848113507,-0.15002559317036984,-0.019499283741381653,0.6003408941714051,0.7877540130955949,-0.1365803923366607
1675181187.4170518,2195666,1675181187,419620526,optitrack_world,0.39418762105403526,-0.1650586227488608,-0.14930397144734317,-0.017121054654579266,0.6020095850759628,0.7876275538587624,-0.13013133891051873
1675181187.4271548,2195667,1675181187,429746556,optitrack_world,0.3941782572017458,-0.16483941768258287,-0.14946891380919344,-0.01574269121804774,0.5982101749344986,0.7913977917541634,-0.12484506191549515
1675181187.4372897,2195668,1675181187,439928116,optitrack_world,0.39445825456411865,-0.16497472951372644,-0.1490306725039147,-0.01576868198017681,0.598845719401767,0.7917426538868985,-0.11949361087070326
1675181187.4474607,2195669,1675181187,450111538,optitrack_world,0.3949622260708241,-0.16494664167654682,-0.14901416133077733,-0.017552146348720765,0.5966705817871162,0.7940172097852554,-0.11494698583788612
1675181187.4576077,2195670,1675181187,460253402,optitrack_world,0.39487405771074985,-0.1646932106441955,-0.14854193719508685,-0.016755475186623337,0.596878971803545,0.7949317707584151,-0.10741613895920843
1675181187.4677906,2195671,1675181187,470376002,optitrack_world,0.39553154026396004,-0.16488091335202398,-0.14827287444613477,-0.020238840671362408,0.5972323535717842,0.7951701311481367,-0.10299693056223401
1675181187.4779797,2195672,1675181187,480562901,optitrack_world,0.3961855832843275,-0.16509383701925878,-0.148417563783094,-0.02340212101759544,0.595568691104914,0.7967594979176851,-0.09962217316147921
1675181187.4880645,2195673,1675181187,490694566,optitrack_world,0.3964771001289777,-0.16484116411185745,-0.1484767331237825,-0.023713100990626287,0.5935957413362225,0.7987635504903366,-0.09517654709528117
1675181187.4981806,2195674,1675181187,500875661,optitrack_world,0.3963967897926758,-0.16476747885816811,-0.14806188767812406,-0.02029132372409495,0.5937404928906281,0.7993949303186499,-0.08960041665281862
1675181187.5083847,2195675,1675181187,511052529,optitrack_world,0.3967826816580885,-0.16487419122040398,-0.148265938541367,-0.020455092808347466,0.5911984322760233,0.8015973184535493,-0.08664722673376891
1675181187.5185077,2195676,1675181187,521175333,optitrack_world,0.3968730205548432,-0.1648435221726815,-0.14803196395515006,-0.019511395756194018,0.5911303499503874,0.8022091232409703,-0.08151525864604448
1675181187.5287087,2195677,1675181187,531354667,optitrack_world,0.3968730205548432,-0.1648435221726815,-0.14803196395515006,-0.019511395756194018,0.5911303499503874,0.8022091232409703,-0.08151525864604448
1675181187.538786,2195678,1675181187,541482718,optitrack_world,0.39745424895625653,-0.16425023753364293,-0.14714323317062344,-0.02095063394628952,0.5928373106656535,0.8017485624896472,-0.07283018993349065
1675181187.549099,2195679,1675181187,551665812,optitrack_world,0.3977559307981622,-0.16427422310980738,-0.147031213465376,-0.019364073112870216,0.5921036683879548,0.8025422822511816,-0.07045682190583838
1675181187.5590181,2195680,1675181187,561789953,optitrack_world,0.3980289274260326,-0.16438331389450953,-0.14697500470940694,-0.018219446884442506,0.591954482494154,0.8028123818495945,-0.06892185400353204
1675181187.5692577,2195681,1675181187,571937209,optitrack_world,0.39820630291603354,-0.16441190136365877,-0.14709654575491615,-0.016371257278275594,0.5906949434803254,0.8039482034713799,-0.06692347732331663
1675181187.5794117,2195682,1675181187,582069521,optitrack_world,0.3983734039144561,-0.16450030694250184,-0.14718858378374636,-0.012693881127782206,0.5895848308474666,0.8052390959549226,-0.06179474866181497
1675181187.589503,2195683,1675181187,592203479,optitrack_world,0.3985017378668384,-0.16452732431797412,-0.14718331800093298,-0.011753960306489937,0.589652329045003,0.8053842791133698,-0.05939813318577165
1675181187.5995984,2195684,1675181187,602325997,optitrack_world,0.3985017378668384,-0.16452732431797412,-0.14718331800093298,-0.011753960306489937,0.589652329045003,0.8053842791133698,-0.05939813318577165
1675181187.609761,2195685,1675181187,612467022,optitrack_world,0.39795269887904783,-0.1640759591504927,-0.14647357839321112,-0.004770882946158262,0.5916248517651983,0.8045443871323787,-0.05162947398053163
1675181187.619998,2195686,1675181187,622601962,optitrack_world,0.39795269887904783,-0.1640759591504927,-0.14647357839321112,-0.004770882946158262,0.5916248517651983,0.8045443871323787,-0.05162947398053163
1675181187.6300426,2195687,1675181187,632741849,optitrack_world,0.39810786476864224,-0.16412886257805803,-0.146526665557781,-0.003924971023981377,0.5910882381385876,0.8051023042255612,-0.04908736158496812
1675181187.6401162,2195688,1675181187,642866738,optitrack_world,0.3984782278173208,-0.16418305109794265,-0.14666279038208263,-0.004243412022607542,0.5891403650257822,0.8068643803745581,-0.043191381483752685
1675181187.6504068,2195689,1675181187,653038973,optitrack_world,0.39899984954354956,-0.16463666584415948,-0.14700567553346577,-0.007596310773822261,0.5876250123705492,0.8080475077142939,-0.04121123846546699
1675181187.6604488,2195690,1675181187,663179689,optitrack_world,0.39845233374868794,-0.16402223937718546,-0.14654187796264026,-0.0040392279694646226,0.5869809033652349,0.8088236217963539,-0.03523425245655234
1675181187.6705751,2195691,1675181187,673318355,optitrack_world,0.39822574786258425,-0.16376865664546222,-0.14639812330900057,-0.0036313281737926075,0.5868997367390224,0.8091211595131457,-0.029299517051704627
1675181187.6808224,2195692,1675181187,683508099,optitrack_world,0.3983562675268175,-0.16388789543466062,-0.14654177441016528,-0.005583408070709011,0.5866169854013179,0.8094590061288379,-0.025009106139561768
1675181187.690906,2195693,1675181187,693650796,optitrack_world,0.39865986946763676,-0.16434914512938342,-0.1466993517479414,-0.008585403325390295,0.5876593929717169,0.8087740287677282,-0.02161710185643604
1675181187.701176,2195694,1675181187,703786232,optitrack_world,0.3984649366518472,-0.16407078767578281,-0.14680770797409132,-0.007748962660168723,0.5865929065143052,0.8096585980115485,-0.01736865771338229
1675181187.711277,2195695,1675181187,713973065,optitrack_world,0.398473672243827,-0.16401392183746463,-0.14691488945358264,-0.007190924038004646,0.5859999272788562,0.8101449449162016,-0.014749375152172978
1675181187.721424,2195696,1675181187,724160995,optitrack_world,0.39824977602587613,-0.1638622926477887,-0.14682259074123277,-0.00430811802708463,0.585430069690826,0.8106197895868539,-0.012191404801100744
1675181187.7317147,2195697,1675181187,734371347,optitrack_world,0.3980131247730946,-0.1635697559023889,-0.146631064233569,-0.001256673244903234,0.5858831754958586,0.810343353274869,-0.009109074952231589
1675181187.741973,2195698,1675181187,744561368,optitrack_world,0.3981689420159955,-0.1635273152229955,-0.14668937392537992,-0.0006134876898322063,0.5860764595793468,0.8102264796206393,-0.006859947619217782
1675181187.7521563,2195699,1675181187,754749126,optitrack_world,0.3984373687885324,-0.1636693363089064,-0.14672045758093677,-0.0007518826395854461,0.58665369953524,0.8098242346436935,-0.004645479293762614
1675181187.762299,2195700,1675181187,764938545,optitrack_world,0.3985841032860376,-0.16365023810021878,-0.14670331922424384,-0.0006651729138302262,0.5870494874327802,0.8095497958038835,-0.0012589534523881917
1675181187.77263,2195701,1675181187,775120344,optitrack_world,0.3985841032860376,-0.16365023810021878,-0.14670331922424384,-0.0006651729138302262,0.5870494874327802,0.8095497958038835,-0.0012589534523881917
1675181187.7825983,2195702,1675181187,785260052,optitrack_world,0.3989070548081005,-0.16372535332011276,-0.14644003645047204,-0.002050311148815814,0.5899257294944976,0.8073935936457712,0.009950620299512485
1675181187.7927196,2195703,1675181187,795452076,optitrack_world,0.39868388324314175,-0.16339475624993813,-0.146458013000706,-0.0018521676787618502,0.5901207345402585,0.8071034100671993,0.01838949696032141
1675181187.8028874,2195704,1675181187,805579638,optitrack_world,0.39868388324314175,-0.16339475624993813,-0.146458013000706,-0.0018521676787618502,0.5901207345402585,0.8071034100671993,0.01838949696032141
1675181187.813149,2195705,1675181187,815770393,optitrack_world,0.39904699073065175,-0.1636506988483204,-0.14655520882591572,-0.0070479495465189815,0.5906316231564951,0.8062499590970807,0.03264376802192517
1675181187.8232632,2195706,1675181187,825946797,optitrack_world,0.39904699073065175,-0.1636506988483204,-0.14655520882591572,-0.0070479495465189815,0.5906316231564951,0.8062499590970807,0.03264376802192517
1675181187.8334253,2195707,1675181187,836088517,optitrack_world,0.3990602705716631,-0.16342541673456493,-0.14637055360290066,-0.010439622218490773,0.5913924892548461,0.8049472894756429,0.04696593559919306
1675181187.8435335,2195708,1675181187,846224395,optitrack_world,0.39921371481567763,-0.16352522444988926,-0.1466377875197198,-0.013149043660308711,0.590670510244688,0.805039991899881,0.053348499697169476
1675181187.8536923,2195709,1675181187,856423545,optitrack_world,0.39921371481567763,-0.16352522444988926,-0.1466377875197198,-0.013149043660308711,0.590670510244688,0.805039991899881,0.053348499697169476
1675181187.8638844,2195710,1675181187,866619639,optitrack_world,0.3990385270261456,-0.16337174689608175,-0.14666371806099246,-0.01416666433279782,0.5900438882576716,0.8045739295998396,0.0656376977027861
1675181187.8741195,2195711,1675181187,876815080,optitrack_world,0.399094984782598,-0.16328200193948234,-0.14681400335826503,-0.015737545938378436,0.5878032709857172,0.805893834010975,0.0690997291559089
1675181187.8843648,2195712,1675181187,887009574,optitrack_world,0.3994882463579119,-0.1637743895562103,-0.1466964865037036,-0.01897369853103719,0.5891188794270558,0.8046158052867973,0.07191905553705566
1675181187.8944728,2195713,1675181187,897203395,optitrack_world,0.3996197987853514,-0.16376137584542877,-0.14678653666075667,-0.02045415053461136,0.5877351740544241,0.8052989076252081,0.07511765626515361
1675181187.9047577,2195714,1675181187,907399449,optitrack_world,0.3989699292451508,-0.16340000854113468,-0.14627873932062654,-0.017241798214685716,0.5896585912450686,0.8033325656934819,0.08162263816817511
1675181187.9148595,2195715,1675181187,917553179,optitrack_world,0.399324455662344,-0.1636087469070312,-0.1465516985283824,-0.020701169435360923,0.5888354089946419,0.8035390924645057,0.08467142126738993
1675181187.9250767,2195716,1675181187,927723605,optitrack_world,0.39934403619278197,-0.16360143358039572,-0.14664212823662937,-0.021890971231011903,0.5883750386090524,0.8034706724364654,0.08815031398045811
1675181187.9352224,2195717,1675181187,937863369,optitrack_world,0.39927427071593913,-0.163510242779389,-0.1466223714825626,-0.02231403508507952,0.5889898981148932,0.8026209655709409,0.09161096759013213
1675181187.9454567,2195718,1675181187,948057301,optitrack_world,0.39948803603647487,-0.16350465372605325,-0.1466535658554174,-0.023998072599766614,0.589409925387046,0.8020072353644181,0.09383190709911036
1675181187.955539,2195719,1675181187,958203930,optitrack_world,0.3996403534299096,-0.16353392050443588,-0.14663036923261286,-0.024886105328151283,0.5904175418585825,0.8010559247750673,0.09537931332331415
1675181187.9656966,2195720,1675181187,968396794,optitrack_world,0.3997082954719989,-0.16339741641189873,-0.14663121287770217,-0.024682123499102527,0.5911932511364064,0.8003525057135542,0.09652564005680671
1675181187.9759328,2195721,1675181187,978526786,optitrack_world,0.3997082954719989,-0.16339741641189873,-0.14663121287770217,-0.024682123499102527,0.5911932511364064,0.8003525057135542,0.09652564005680671
1675181187.9861624,2195722,1675181187,988720494,optitrack_world,0.40047934985739453,-0.16307628972178606,-0.14683718444108945,-0.026578882160609104,0.5924545402685335,0.7995177539574395,0.09519738360451052
1675181187.9963477,2195723,1675181187,998912730,optitrack_world,0.4009363492884641,-0.16280621433433062,-0.14717191127579,-0.027190347651441075,0.5923027315822158,0.799602510084155,0.09525746701418375
1675181188.0064397,2195724,1675181188,9093619,optitrack_world,0.4009363492884641,-0.16280621433433062,-0.14717191127579,-0.027190347651441075,0.5923027315822158,0.799602510084155,0.09525746701418375
1675181188.0165813,2195725,1675181188,19259768,optitrack_world,0.4015314939642981,-0.16287129422665156,-0.14774934479832774,-0.02857304587252886,0.5936610949061966,0.7981893474602163,0.098203111179719
1675181188.0267718,2195726,1675181188,29437865,optitrack_world,0.4015314939642981,-0.16287129422665156,-0.14774934479832774,-0.02857304587252886,0.5936610949061966,0.7981893474602163,0.098203111179719
1675181188.0369954,2195727,1675181188,39633586,optitrack_world,0.40175782218391326,-0.16286798098714997,-0.14831581539445837,-0.029594418936089564,0.592246672715117,0.7988198043353721,0.10126682194729941
1675181188.047167,2195728,1675181188,49774305,optitrack_world,0.401751787272705,-0.16295222295397216,-0.14883209396368544,-0.030126626211876957,0.5931959124986649,0.797091158999807,0.10888838336714636
1675181188.0573237,2195729,1675181188,59963786,optitrack_world,0.4018986771947417,-0.16328161803005561,-0.14905817565617657,-0.03141719783355591,0.5950007028004686,0.7953966007933043,0.11104670546077722
1675181188.0674345,2195730,1675181188,70101441,optitrack_world,0.40216141326287913,-0.16333987131949418,-0.14932134759321722,-0.031393274560463105,0.5950046426055048,0.7953328787229192,0.11148788998174201
1675181188.0775604,2195731,1675181188,80287826,optitrack_world,0.4022440935994477,-0.16328478573897093,-0.14958687709341376,-0.030414667169045756,0.5952225095333431,0.7951182661616604,0.11212517550443571
1675181188.0876937,2195732,1675181188,90424918,optitrack_world,0.40229149619809107,-0.16332245569966702,-0.14964209939410628,-0.02903332548869215,0.5966916089438551,0.7940878979663373,0.11198482098242274
1675181188.0980356,2195733,1675181188,100662686,optitrack_world,0.40240323775115805,-0.16330369972305744,-0.14986448048949386,-0.028212200546213245,0.5971348507818254,0.793884198673686,0.11127407972365727
1675181188.1082466,2195734,1675181188,110855739,optitrack_world,0.4021816279189796,-0.16322160017574538,-0.14984307561304314,-0.0253750291417885,0.5989259897395064,0.7925857516238887,0.11158670634713373
1675181188.1184874,2195735,1675181188,121045970,optitrack_world,0.4021816468831211,-0.16315496591865308,-0.14993610597310061,-0.023663915248704762,0.599445079804672,0.792358528313091,0.11078618155070213
1675181188.1286151,2195736,1675181188,131241455,optitrack_world,0.40220065616751394,-0.1632395659516368,-0.14999082114250956,-0.022625203809409203,0.6007156804065913,0.7915623213966624,0.1098083002844311
1675181188.1387918,2195737,1675181188,141438388,optitrack_world,0.40230742445097756,-0.16336061741276603,-0.15009049247459844,-0.021559745062325032,0.6015880256899359,0.7910720713508101,0.10877500939127205
1675181188.1489713,2195738,1675181188,151630460,optitrack_world,0.402226030164499,-0.16309758968095428,-0.15014095389726873,-0.019053948266673327,0.6013090481564538,0.7913868453843194,0.10849532991463695
1675181188.1591792,2195739,1675181188,161779625,optitrack_world,0.40217864906501155,-0.16300602873364733,-0.1501042176243297,-0.01747703641172904,0.6023517593134845,0.7905305732917072,0.10921686656051842
1675181188.1692584,2195740,1675181188,171926039,optitrack_world,0.40224821822339174,-0.16301341989521545,-0.1501848507557238,-0.017049501296428474,0.6026871038262708,0.7901855412363932,0.10992897619824155
1675181188.1792393,2195741,1675181188,182071861,optitrack_world,0.4024157268626925,-0.16301752850287773,-0.15042733642206813,-0.016773778476432934,0.6022325418930328,0.790140512607558,0.11275006065162707
1675181188.1895664,2195742,1675181188,192226405,optitrack_world,0.4026121166029114,-0.1631590435064394,-0.15059608697313562,-0.017773493724928164,0.6018077103031704,0.7902050937377135,0.11440057941914746
1675181188.199624,2195743,1675181188,202374926,optitrack_world,0.4026121166029114,-0.1631590435064394,-0.15059608697313562,-0.017773493724928164,0.6018077103031704,0.7902050937377135,0.11440057941914746
1675181188.2098105,2195744,1675181188,212520985,optitrack_world,0.4029589589775624,-0.16312196522598044,-0.1511982015779742,-0.01875779267102215,0.6004331437859293,0.7905051580425368,0.1192886422321941
1675181188.219985,2195745,1675181188,222669485,optitrack_world,0.4029589589775624,-0.16312196522598044,-0.1511982015779742,-0.01875779267102215,0.6004331437859293,0.7905051580425368,0.1192886422321941
1675181188.230111,2195746,1675181188,232815458,optitrack_world,0.40346258523609957,-0.16329436650503973,-0.1517578872178901,-0.018958886448724434,0.6000265435555636,0.7905298522485733,0.12112497825484446
1675181188.24028,2195747,1675181188,243005812,optitrack_world,0.40357086557054933,-0.1633221464902775,-0.15209508520983142,-0.017853401941426227,0.599570865526708,0.7907580320916864,0.12205641291286383
1675181188.2505262,2195748,1675181188,253218155,optitrack_world,0.40383767499292456,-0.16338328132466853,-0.15240122429682343,-0.018072552943492984,0.5996725040606058,0.7906300149151582,0.12235379119195305
1675181188.2608013,2195749,1675181188,263418949,optitrack_world,0.4040002064306979,-0.16337632023780113,-0.1527055336836804,-0.01769786495177199,0.5999484941323072,0.7903056242542178,0.12314873217649087
1675181188.2707584,2195750,1675181188,273562643,optitrack_world,0.40415895735651297,-0.16334002327359615,-0.15314999931268788,-0.017043563242136083,0.5999876297379882,0.790138981601542,0.1241158767727971
1675181188.281009,2195751,1675181188,283756597,optitrack_world,0.4042903569877482,-0.1633376360938406,-0.15338060596624148,-0.015950778627554136,0.6007276023870938,0.7896111489688531,0.12404093604740435
1675181188.2911913,2195752,1675181188,293895704,optitrack_world,0.40445015600797907,-0.16320535781245957,-0.15379219542051525,-0.014986451386207442,0.6000186910957158,0.7902560947827255,0.12348393121936485
1675181188.3013437,2195753,1675181188,304031508,optitrack_world,0.4043338113767651,-0.16285883676624197,-0.15401831088835355,-0.010951320284660537,0.5996978477465517,0.7905603768379883,0.12351862436877448
1675181188.3115032,2195754,1675181188,314170125,optitrack_world,0.4044044185663758,-0.1626676086341777,-0.15434958278016697,-0.009062751233455582,0.6000344014002745,0.7903442972953123,0.12341991496137782
1675181188.3217926,2195755,1675181188,324315254,optitrack_world,0.40447115113987775,-0.16262880417067282,-0.15470761366240865,-0.007150805771566701,0.6001237612799105,0.7903259551242884,0.12322833189227057
1675181188.3318448,2195756,1675181188,334453724,optitrack_world,0.40523513071442385,-0.16320445802111022,-0.1554047151346476,-0.010591301605972757,0.59956037739876,0.7912250940219843,0.1199084182768245
1675181188.3418632,2195757,1675181188,344597608,optitrack_world,0.4051666905737942,-0.1629134901266527,-0.1554030788039735,-0.007332093987712066,0.6008893303337995,0.7901689691567334,0.12046266338803291
1675181188.352026,2195758,1675181188,354723183,optitrack_world,0.4053105183791726,-0.163292149004032,-0.15523453897847944,-0.006380020977284043,0.6047202206761617,0.787414325091947,0.11937935616218291
1675181188.3622139,2195759,1675181188,364901447,optitrack_world,0.4056415303466002,-0.16346501120175122,-0.15562850061351563,-0.006727641065710676,0.6049664036081305,0.7873195455508166,0.11873635729965434
1675181188.3722887,2195760,1675181188,375047653,optitrack_world,0.4056415303466002,-0.16346501120175122,-0.15562850061351563,-0.006727641065710676,0.6049664036081305,0.7873195455508166,0.11873635729965434
1675181188.382445,2195761,1675181188,385181689,optitrack_world,0.4057623424676332,-0.16324974125892794,-0.15630210006678133,-0.0036524771219275305,0.604651504302908,0.7875339194588009,0.11905269193497021
1675181188.3926108,2195762,1675181188,395380223,optitrack_world,0.40575412858149845,-0.16297875554747435,-0.1564416522651218,-0.001351790591148848,0.60508059444415,0.7871369494055382,0.1195452624316617
1675181188.4028218,2195763,1675181188,405545997,optitrack_world,0.40575412858149845,-0.16297875554747435,-0.1564416522651218,-0.001351790591148848,0.60508059444415,0.7871369494055382,0.1195452624316617
1675181188.4130106,2195764,1675181188,415728968,optitrack_world,0.40563956327735995,-0.16243837394526228,-0.15684465275170728,0.0034000151691501368,0.605416500960584,0.7864023112115717,0.12259977643776948
1675181188.4231448,2195765,1675181188,425867656,optitrack_world,0.40563956327735995,-0.16243837394526228,-0.15684465275170728,0.0034000151691501368,0.605416500960584,0.7864023112115717,0.12259977643776948
1675181188.4332933,2195766,1675181188,435999967,optitrack_world,0.4058042342411148,-0.16246110239941497,-0.1571131187052101,0.003881142692201628,0.6054715400527129,0.7862174726118856,0.12349589741111917
1675181188.4434526,2195767,1675181188,446181067,optitrack_world,0.4062866940363578,-0.16258198285751752,-0.15782604788249247,0.003923090398867556,0.6051086864784931,0.786116215256708,0.12589433275753126
1675181188.453653,2195768,1675181188,456363318,optitrack_world,0.4066223905341318,-0.1626775619528163,-0.1582092769512533,0.003628975082726787,0.6047803883854291,0.7862043217034472,0.12692626559952455
1675181188.4638338,2195769,1675181188,466544752,optitrack_world,0.4069212808857343,-0.16270030464704155,-0.15858313006951275,0.003239151668183301,0.6044111210608152,0.7862779547019767,0.1282329231677868
1675181188.47401,2195770,1675181188,476725208,optitrack_world,0.4071985194122135,-0.1627089940133324,-0.1589071902418166,0.0032092395768627633,0.6040907643908681,0.7862277966882701,0.13003807470776843
1675181188.4843109,2195771,1675181188,486906391,optitrack_world,0.40718436335878555,-0.16232187472313586,-0.1592021321550976,0.005476623464085143,0.6034389879411634,0.7861157766720192,0.13361654124892344
1675181188.4945524,2195772,1675181188,497088262,optitrack_world,0.40756870693890257,-0.16250303861475468,-0.15969880280387222,0.004531975110809226,0.6030313140971861,0.7860046863895589,0.13612247571017402
1675181188.5045414,2195773,1675181188,507284561,optitrack_world,0.4081548841637794,-0.1629115039280271,-0.16041031643916892,0.0016201784877998965,0.6019098057054288,0.7865795837722219,0.13782060517222627
1675181188.5147722,2195774,1675181188,517418611,optitrack_world,0.4086295185758168,-0.16316478209151375,-0.16080070624476933,-0.0006332012784480745,0.6017798344342545,0.7863313159440356,0.13979875353572876
1675181188.5249507,2195775,1675181188,527604961,optitrack_world,0.40884159581911067,-0.16295837699679408,-0.16143992021530662,-0.000483081569462799,0.5988387742686369,0.7878990471871656,0.14355131662994397
1675181188.5351303,2195776,1675181188,537788421,optitrack_world,0.40918112689517344,-0.16303996918664135,-0.16194769947849097,-0.0020938865393967682,0.5974075157913163,0.7884436830504428,0.14648015009912155
1675181188.5453167,2195777,1675181188,547971101,optitrack_world,0.40948944842615925,-0.16307830121604966,-0.16245638502846643,-0.003823704318902721,0.5962261736801258,0.7886284093501864,0.15021638083056343
1675181188.5553854,2195778,1675181188,558100932,optitrack_world,0.40960931035446757,-0.16303863328332377,-0.16253360171027342,-0.003878857399770231,0.5973531506413511,0.7869046766331032,0.1547100442022914
1675181188.565473,2195779,1675181188,568238106,optitrack_world,0.40968525449934756,-0.16274682065600626,-0.16288024350347377,-0.0036471483884291797,0.5962484569504936,0.7867536088089317,0.15966601053107882
1675181188.5756912,2195780,1675181188,578379466,optitrack_world,0.40970973711787567,-0.16257815210785376,-0.16303376505151151,-0.0034338013132592417,0.5961532827432817,0.7859466366786912,0.16394315105061008
1675181188.5858004,2195781,1675181188,588544651,optitrack_world,0.40995104687298717,-0.16268869452813073,-0.16322526489508388,-0.004938540317433792,0.5967542182831873,0.784730646911274,0.16750470315477256
1675181188.5960789,2195782,1675181188,598719163,optitrack_world,0.41007474939291066,-0.16265242671537233,-0.16339727252573313,-0.005653583466068758,0.5973258434454701,0.7834965586554244,0.17118123822795797
1675181188.6063085,2195783,1675181188,608900941,optitrack_world,0.4099669743053648,-0.16279604456836522,-0.16276276847634186,-0.004243235674212317,0.6025697268145652,0.7784105627237186,0.1759793030949299
1675181188.61643,2195784,1675181188,619080353,optitrack_world,0.4101882532640151,-0.16247814663846283,-0.1636548661716043,-0.005919810335132197,0.5992302579287089,0.7799544605472265,0.1804413846676367
1675181188.6265793,2195785,1675181188,629263546,optitrack_world,0.4103627924449387,-0.1625880408028501,-0.16399268917710497,-0.007553386597640435,0.6001566022963325,0.7784426017602943,0.18379911543773048
1675181188.6367908,2195786,1675181188,639442784,optitrack_world,0.4104174468148843,-0.16280561899089463,-0.16364344180503138,-0.007553062979118193,0.6038744184870946,0.774910069545041,0.1865288772662469
1675181188.6468627,2195787,1675181188,649572446,optitrack_world,0.41069513706114935,-0.16263527815819695,-0.16443599801767073,-0.00892582398957056,0.6002590033550231,0.7772214650410005,0.18851061730539853
1675181188.6571038,2195788,1675181188,659748672,optitrack_world,0.41062128416402494,-0.16272226235762458,-0.16416292547670808,-0.008074531552516261,0.6044313759245032,0.7735111779381528,0.19046776982720853
1675181188.6672962,2195789,1675181188,669929378,optitrack_world,0.4112681892479524,-0.16226824216499738,-0.16599727065162617,-0.009749802863409133,0.5965699710729842,0.7791363838901199,0.19223867003475478
1675181188.6775122,2195790,1675181188,680112610,optitrack_world,0.4113972106721757,-0.1625850496586675,-0.1660982196118597,-0.009792826120504106,0.5991915791579558,0.7769758453275372,0.19282657441423298
1675181188.687625,2195791,1675181188,690319668,optitrack_world,0.41159977524168434,-0.16257436436161798,-0.1665548822177455,-0.009599982645273253,0.5993167643075425,0.776651644949119,0.19375107419308818
1675181188.6978319,2195792,1675181188,700503135,optitrack_world,0.4115920478193693,-0.16214398745396263,-0.16692202348802795,-0.007043072072384708,0.5991294871121121,0.7763744824706861,0.19554261882498888
1675181188.7079725,2195793,1675181188,710685005,optitrack_world,0.41230208416799197,-0.1626927371823263,-0.16765522599310564,-0.010006535220514031,0.5983077847988179,0.7777923382176178,0.1922673724582069
1675181188.7180905,2195794,1675181188,720876333,optitrack_world,0.41286220437449916,-0.1631412248991429,-0.16820038898552242,-0.011709103515498316,0.5986200984493801,0.777922125973005,0.190667355750684
1675181188.7283566,2195795,1675181188,731063577,optitrack_world,0.4132030664287018,-0.1632623391606417,-0.16881844823341893,-0.011980545394752596,0.5981492158207684,0.7783702848496183,0.19029892750136054
1675181188.73857,2195796,1675181188,741250162,optitrack_world,0.4129672585994464,-0.16297985402792126,-0.16843837253482977,-0.00837605353697851,0.6015964082705038,0.775406421765692,0.19171980692589075
1675181188.7487972,2195797,1675181188,751431383,optitrack_world,0.413204600012265,-0.16287306020979248,-0.1689285446323597,-0.00810374659098363,0.6023059980949146,0.7746097570837255,0.1927214004223965
1675181188.7589974,2195798,1675181188,761615658,optitrack_world,0.41389957163853436,-0.16278223145709775,-0.1703292853445617,-0.010061410186102602,0.5991638221174482,0.7770383169730983,0.19264718073798148
1675181188.769157,2195799,1675181188,771758488,optitrack_world,0.4143398338489044,-0.16299751909426166,-0.1709466613450361,-0.011309306722628977,0.599113285941314,0.7770950722177784,0.19250615295335563
1675181188.7791998,2195800,1675181188,781896062,optitrack_world,0.4143398338489044,-0.16299751909426166,-0.1709466613450361,-0.011309306722628977,0.599113285941314,0.7770950722177784,0.19250615295335563
1675181188.789319,2195801,1675181188,792072341,optitrack_world,0.41491585754387866,-0.1629924105668847,-0.17215534206987473,-0.011357287927019817,0.5986394436397421,0.7773365591414104,0.19300181955576332
1675181188.7994819,2195802,1675181188,802206703,optitrack_world,0.4150080319130346,-0.16265779491871163,-0.17270281064351853,-0.009684795155707762,0.5980910380780168,0.7775348960200261,0.1939917533934869
1675181188.809641,2195803,1675181188,812407024,optitrack_world,0.4156877326462636,-0.16274019064623146,-0.17384778817062096,-0.009865811704706174,0.597645226472484,0.7780007550403749,0.1934881758420065
1675181188.819894,2195804,1675181188,822587663,optitrack_world,0.4156877326462636,-0.16274019064623146,-0.17384778817062096,-0.009865811704706174,0.597645226472484,0.7780007550403749,0.1934881758420065
1675181188.8301628,2195805,1675181188,832782935,optitrack_world,0.4157793596053394,-0.16312031394398296,-0.17355838626449804,-0.009600311691257255,0.6030108998307135,0.7741044681841383,0.19247846902481452
1675181188.8402307,2195806,1675181188,842985736,optitrack_world,0.416698627694133,-0.16286423145368095,-0.17566720833059624,-0.010344659012429201,0.5995221525359469,0.7767600395169165,0.19263960563253815
1675181188.85042,2195807,1675181188,853128985,optitrack_world,0.416698627694133,-0.16286423145368095,-0.17566720833059624,-0.010344659012429201,0.5995221525359469,0.7767600395169165,0.19263960563253815
1675181188.8606522,2195808,1675181188,863343402,optitrack_world,0.4175233671861782,-0.16345871249423607,-0.17668142969359987,-0.011940329471277562,0.6018391105441966,0.77540604158933,0.19076840466454018
1675181188.8707452,2195809,1675181188,873494580,optitrack_world,0.4176402248522865,-0.16357059767130602,-0.176649513685113,-0.010622945727532106,0.6049293552901693,0.7730153973200049,0.190774274047852
1675181188.8810604,2195810,1675181188,883737513,optitrack_world,0.4175802239328363,-0.16257516401684197,-0.17779828924515506,-0.00785510456536703,0.5991468264476552,0.7772639607675466,0.1918908882201455
1675181188.8912559,2195811,1675181188,893887458,optitrack_world,0.4176710416300733,-0.16271527383922002,-0.17758684431249994,-0.006309201251069633,0.6029167364916234,0.7743600220282902,0.19188058557918225
1675181188.9013116,2195812,1675181188,904058096,optitrack_world,0.4180337454123117,-0.16265960680365443,-0.17869297341818702,-0.0062114180103532415,0.6029408394104264,0.7738315868581931,0.19392894997364846
1675181188.9114394,2195813,1675181188,914183348,optitrack_world,0.4183030184579837,-0.16268316563833646,-0.17916797204553153,-0.006515989893375887,0.6035561134798377,0.7732318627117548,0.19439662096891644
1675181188.9215896,2195814,1675181188,924334602,optitrack_world,0.4185490340477074,-0.16252409665926015,-0.17973847043732843,-0.005114480880871278,0.603223475022968,0.773219894614185,0.19551541074647436
1675181188.9317884,2195815,1675181188,934462182,optitrack_world,0.4192187521230267,-0.16300251326642595,-0.1805694967517958,-0.00784347089101217,0.6025837991050003,0.7740445733449018,0.19412945035690823
1675181188.9419315,2195816,1675181188,944629731,optitrack_world,0.4192758331685264,-0.16316845527675317,-0.18043582832710386,-0.006279143807635092,0.6063394008267551,0.7709057666973493,0.19498051756743995
1675181188.9520946,2195817,1675181188,954805743,optitrack_world,0.4197786280509041,-0.1629215686928301,-0.1818436183580858,-0.007264246363771723,0.6015682182658604,0.774549567451404,0.19528409320281992
1675181188.9623892,2195818,1675181188,964993880,optitrack_world,0.41989590763097995,-0.162404966776185,-0.18243482194187724,-0.005844061181678433,0.6015259561398525,0.7739529297919447,0.19781110561696463
1675181188.9724345,2195819,1675181188,975171357,optitrack_world,0.41989590763097995,-0.162404966776185,-0.18243482194187724,-0.005844061181678433,0.6015259561398525,0.7739529297919447,0.19781110561696463
1675181188.9826078,2195820,1675181188,985307563,optitrack_world,0.42076949209058845,-0.1631094345014247,-0.1829377222354472,-0.007313605867052641,0.6070154315511458,0.7696501369067656,0.1977813029267288
1675181188.992773,2195821,1675181188,995494132,optitrack_world,0.4211792068417497,-0.16289411470313364,-0.1841344335432773,-0.007458666516061849,0.6037365379618381,0.7719748115816615,0.19874972026927362
1675181189.002964,2195822,1675181189,5626522,optitrack_world,0.4211792068417497,-0.16289411470313364,-0.1841344335432773,-0.007458666516061849,0.6037365379618381,0.7719748115816615,0.19874972026927362
1675181189.0131862,2195823,1675181189,15815570,optitrack_world,0.42207761154249895,-0.16321095503330685,-0.18553316907214146,-0.010307388939874904,0.6041162067851233,0.771008693817584,0.20120377851943863
1675181189.023318,2195824,1675181189,25990262,optitrack_world,0.42207761154249895,-0.16321095503330685,-0.18553316907214146,-0.010307388939874904,0.6041162067851233,0.771008693817584,0.20120377851943863
1675181189.033463,2195825,1675181189,36142913,optitrack_world,0.4222156253257966,-0.1633174903904404,-0.1855377046402995,-0.00926877472738035,0.6072522210312843,0.7680478696039339,0.20312877655439138
1675181189.043654,2195826,1675181189,46347228,optitrack_world,0.42294638451589617,-0.16314085697996225,-0.18692154087066395,-0.008104200149533293,0.6063145896786705,0.7682641809786678,0.2051513794930429
1675181189.053991,2195827,1675181189,56525910,optitrack_world,0.42294638451589617,-0.16314085697996225,-0.18692154087066395,-0.008104200149533293,0.6063145896786705,0.7682641809786678,0.2051513794930429
1675181189.0640786,2195828,1675181189,66739650,optitrack_world,0.42377054023988003,-0.162659593893087,-0.1891140018157043,-0.008217063508340052,0.6004017661137419,0.7723558751955233,0.20716322348756014
1675181189.074264,2195829,1675181189,76934863,optitrack_world,0.4240295487438793,-0.1623839241008963,-0.18989519737259397,-0.006335574273374111,0.6000285959848067,0.7721283295155771,0.20914919856077024
1675181189.0844367,2195830,1675181189,87129178,optitrack_world,0.42414521124565097,-0.16310742164891012,-0.18928003969978685,-0.005227151461319476,0.6078646387522268,0.7662177847541796,0.20828721556692578
1675181189.0945823,2195831,1675181189,97282565,optitrack_world,0.4242700817265651,-0.1628229160474459,-0.18977038912361804,-0.0034025765049079063,0.6075801377592535,0.7662597854780347,0.20899937758933887
1675181189.1048067,2195832,1675181189,107475795,optitrack_world,0.4250026200781872,-0.16313056298367157,-0.19093709490776903,-0.005351863655175825,0.6048159314587906,0.7686097989068369,0.20834592300653174
1675181189.1149468,2195833,1675181189,117628675,optitrack_world,0.4252920069326767,-0.162997924669744,-0.19163095473028718,-0.004489753792366674,0.6041814990520414,0.7688541992997641,0.20930307817428448
1675181189.1252534,2195834,1675181189,127825727,optitrack_world,0.4256300810553715,-0.16316141105264678,-0.19219994248306346,-0.0044159943348301405,0.6044773723539014,0.7686364096309801,0.20925026904583338
1675181189.1353014,2195835,1675181189,137986861,optitrack_world,0.4261346789161488,-0.16291514371071117,-0.19362051058787047,-0.0059673753403721615,0.5998214505492137,0.7719605500552056,0.2103699765913588
1675181189.145483,2195836,1675181189,148176111,optitrack_world,0.4266958787660768,-0.16346791963079232,-0.1939914863562998,-0.007705434241445367,0.6034922134891932,0.7688538825016359,0.21119062929785817
1675181189.1557257,2195837,1675181189,158361643,optitrack_world,0.42700649389129564,-0.16315014099626085,-0.19477410326658537,-0.0064951051399417545,0.6018294697673079,0.7701183210341058,0.211369048198718
1675181189.165879,2195838,1675181189,168499068,optitrack_world,0.4277936267595346,-0.16328186432134723,-0.19632440349314761,-0.00846711415822614,0.5981353877100568,0.7726280769129888,0.21262224886523098
1675181189.1760297,2195839,1675181189,178673199,optitrack_world,0.4277936267595346,-0.16328186432134723,-0.19632440349314761,-0.00846711415822614,0.5981353877100568,0.7726280769129888,0.21262224886523098
1675181189.1862073,2195840,1675181189,188862162,optitrack_world,0.42841056903589203,-0.16374820937956852,-0.19702118712460867,-0.009099107859025443,0.6019625144054096,0.7693652080071764,0.21362470408396322
1675181189.1963987,2195841,1675181189,199054679,optitrack_world,0.4291093308514153,-0.16370258210769217,-0.19852927839809148,-0.010981228082243034,0.5979056703320141,0.7724051523820576,0.2139591142912145
1675181189.2064748,2195842,1675181189,209271465,optitrack_world,0.4294586595417942,-0.16346881549287517,-0.19940655071097432,-0.009431591972166777,0.5950797245937222,0.7742202265251864,0.21534671413703896
1675181189.21677,2195843,1675181189,219412624,optitrack_world,0.42963256860330284,-0.16372368823719124,-0.19974179382782933,-0.00959898194953716,0.5987822754722437,0.771277961145059,0.2156338395932686
1675181189.2268536,2195844,1675181189,229548969,optitrack_world,0.42963256860330284,-0.16372368823719124,-0.19974179382782933,-0.00959898194953716,0.5987822754722437,0.771277961145059,0.2156338395932686
1675181189.2369614,2195845,1675181189,239749001,optitrack_world,0.4299670657842039,-0.16332592647638736,-0.20049984272462018,-0.008578699984402477,0.5980977234806606,0.7713397357855509,0.21734886949810717
1675181189.2472382,2195846,1675181189,249897773,optitrack_world,0.430770294357203,-0.16364004288287903,-0.20210154459946789,-0.008897940430624774,0.597664628825193,0.7715157334508588,0.21790202189314534
1675181189.2573645,2195847,1675181189,260029791,optitrack_world,0.430770294357203,-0.16364004288287903,-0.20210154459946789,-0.008897940430624774,0.597664628825193,0.7715157334508588,0.21790202189314534
1675181189.267494,2195848,1675181189,270169329,optitrack_world,0.4312479456430157,-0.16344354630407107,-0.20274340070362407,-0.007172854244849143,0.6018050701676089,0.7678153660062262,0.21963326571188266
1675181189.277811,2195849,1675181189,280347963,optitrack_world,0.4312479456430157,-0.16344354630407107,-0.20274340070362407,-0.007172854244849143,0.6018050701676089,0.7678153660062262,0.21963326571188266
1675181189.2879362,2195850,1675181189,290535768,optitrack_world,0.43220759517100826,-0.16376043573292748,-0.20454324083747039,-0.007468075488204381,0.6000891613900164,0.7701271774311169,0.2161974949269998
1675181189.298049,2195851,1675181189,300682127,optitrack_world,0.4325327047563049,-0.16325199231743637,-0.20540013133984683,-0.006315652513367688,0.5987997950204109,0.7710454044703593,0.21653614539375268
1675181189.3082938,2195852,1675181189,310867968,optitrack_world,0.4334234498858992,-0.16364152089896017,-0.20707844406410292,-0.008374871308386517,0.5947964504253783,0.7749552811448878,0.21352132520567207
1675181189.3183982,2195853,1675181189,321060094,optitrack_world,0.4336151356763846,-0.16335650508768207,-0.20757929929122468,-0.006137188467233833,0.5954360322850815,0.7742329012795375,0.2144333951384137
1675181189.32859,2195854,1675181189,331254591,optitrack_world,0.43394210427400426,-0.16389611174274019,-0.20790583236641913,-0.007913478105212316,0.5994578262886006,0.7720041226889646,0.21118078964921616
1675181189.3388157,2195855,1675181189,341446669,optitrack_world,0.43412432366180054,-0.16345001293821548,-0.20868241911655544,-0.004508069152207979,0.5988801182448716,0.7724080995601167,0.21144268494666907
1675181189.3490744,2195856,1675181189,351643633,optitrack_world,0.4347817752300435,-0.1636783361711399,-0.20958774351829118,-0.005317091876988226,0.5993665824304761,0.7724324514959772,0.20995127119286036
1675181189.3591976,2195857,1675181189,361791759,optitrack_world,0.4350564875778132,-0.164084678061507,-0.20974593200325778,-0.005023289303142862,0.6030086196560082,0.7698766118074154,0.20891475241606763
1675181189.3692534,2195858,1675181189,371933164,optitrack_world,0.43546546549839615,-0.16331034755355223,-0.21136272903382364,-0.0030937473942716956,0.5966701438689416,0.7747490893978318,0.2091387496847666
1675181189.3793437,2195859,1675181189,382065774,optitrack_world,0.43546546549839615,-0.16331034755355223,-0.21136272903382364,-0.0030937473942716956,0.5966701438689416,0.7747490893978318,0.2091387496847666
1675181189.389429,2195860,1675181189,392210721,optitrack_world,0.43631104966868417,-0.16401369042474476,-0.21264286993923237,-0.003467025560242114,0.6037078340069725,0.7704292616328032,0.20485014940758076
1675181189.39957,2195861,1675181189,402353028,optitrack_world,0.43631104966868417,-0.16401369042474476,-0.21264286993923237,-0.003467025560242114,0.6037078340069725,0.7704292616328032,0.20485014940758076
1675181189.4098299,2195862,1675181189,412497113,optitrack_world,0.4371939239460327,-0.16396452212164186,-0.2143842808526685,-0.004857581610517653,0.6038117259153899,0.7702752459492135,0.20509473183349655
1675181189.4199963,2195863,1675181189,422639503,optitrack_world,0.4371939239460327,-0.16396452212164186,-0.2143842808526685,-0.004857581610517653,0.6038117259153899,0.7702752459492135,0.20509473183349655
1675181189.4300692,2195864,1675181189,432774658,optitrack_world,0.4375640602406101,-0.16348979220522752,-0.21591195127944807,-0.0031221289556480182,0.5990366764134034,0.774035989549528,0.2049721920272378
1675181189.4401815,2195865,1675181189,442919445,optitrack_world,0.4382145153600623,-0.1636124452091765,-0.21712076918499626,-0.0035024347164447495,0.6001903124902711,0.7741112195194765,0.20127379749474747
1675181189.450419,2195866,1675181189,453117206,optitrack_world,0.4382145153600623,-0.1636124452091765,-0.21712076918499626,-0.0035024347164447495,0.6001903124902711,0.7741112195194765,0.20127379749474747
1675181189.460685,2195867,1675181189,463390109,optitrack_world,0.4391920065463203,-0.16354481387929626,-0.2188140963932575,-0.0027066873307907964,0.6011807906732285,0.7736754926666407,0.2000014070356405
1675181189.4707937,2195868,1675181189,473539374,optitrack_world,0.4398029281677834,-0.16390602242837268,-0.21966777587917435,-0.00444958029415587,0.6009868737306033,0.7743814145475834,0.19780900799004475
1675181189.4810758,2195869,1675181189,483735952,optitrack_world,0.43990327504946747,-0.16361474570287815,-0.22032513697449702,-0.0010786711540645983,0.5999729824316536,0.7752485027495839,0.19753737824810907
1675181189.4911788,2195870,1675181189,493881146,optitrack_world,0.4405135186091128,-0.16390688217042923,-0.2211689133589022,-0.0025567938700318763,0.6001446447052285,0.7754710327135443,0.19612380186741793
1675181189.501427,2195871,1675181189,504019377,optitrack_world,0.4409521893202671,-0.16400550056731777,-0.22168114669960487,-0.0020046818751213924,0.6030152202357825,0.7730979770354233,0.19669301797040628
1675181189.511503,2195872,1675181189,514211164,optitrack_world,0.4414428184269304,-0.1635065122510407,-0.22349062056838032,-0.0012768427705034844,0.5967548667321543,0.7781356885588633,0.19592562082344417
1675181189.5217128,2195873,1675181189,524412597,optitrack_world,0.4418554044759635,-0.1635391758423907,-0.2243117484224898,-0.0012043724921701204,0.5964520935419195,0.77836279297746,0.1959459417918349
1675181189.5319285,2195874,1675181189,534613374,optitrack_world,0.4420896192662356,-0.16356410723549908,-0.22425758436711926,-0.00029878578136618804,0.6007726247590826,0.7747871020105165,0.1969190458672928
1675181189.542216,2195875,1675181189,544812239,optitrack_world,0.44225292833887053,-0.16388499826420136,-0.22438861680285627,0.001278285886416823,0.6043238333139465,0.7719841369370181,0.19705725764745996
1675181189.552384,2195876,1675181189,554994341,optitrack_world,0.4421574587741678,-0.16406711712155825,-0.2238965891791094,0.003657114057367327,0.6118253745040533,0.7653117798526672,0.19988550785009188
1675181189.5624661,2195877,1675181189,565193918,optitrack_world,0.4431728642241618,-0.1634572506520574,-0.22645268749020753,0.0021779101764674113,0.60149913898521,0.7729373757844203,0.2018956552846249
1675181189.5726945,2195878,1675181189,575309762,optitrack_world,0.4431728642241618,-0.1634572506520574,-0.22645268749020753,0.0021779101764674113,0.60149913898521,0.7729373757844203,0.2018956552846249
1675181189.5826502,2195879,1675181189,585443584,optitrack_world,0.4441130427964196,-0.16366448663634725,-0.22823968603103517,0.0016113756085221525,0.6016188155235477,0.7721761251614578,0.20444127765040143
1675181189.5928047,2195880,1675181189,595564161,optitrack_world,0.4448040199738237,-0.1642418643273496,-0.22903989824754084,-0.00010426015694466251,0.6028934603107878,0.77143907809756,0.20347288130925684
1675181189.602925,2195881,1675181189,605686401,optitrack_world,0.44501430145357146,-0.1648098265194218,-0.22878779049118103,-0.0003000737645848733,0.6098796699935621,0.765975375794529,0.20329392947333558
1675181189.6131449,2195882,1675181189,615844710,optitrack_world,0.4456148210047737,-0.1639838352220252,-0.23111739135250614,0.001050619686769609,0.5982511949498375,0.7751448222094407,0.20308842542414834
1675181189.6231475,2195883,1675181189,625946583,optitrack_world,0.44587115686112877,-0.16381694385107953,-0.23145402909036825,0.0033908266944492086,0.6019958787921161,0.772053490068613,0.20377161893774656
1675181189.6333022,2195884,1675181189,636047594,optitrack_world,0.44632858315016977,-0.16362075753446098,-0.23236612809235227,0.003349423300640823,0.6018073464778625,0.7722155865061404,0.20371496519844762
1675181189.6435533,2195885,1675181189,646225749,optitrack_world,0.4463805925536193,-0.16428431414591893,-0.23178359537207752,0.004381292325745146,0.6117800323148557,0.764365340790716,0.2035967144535562
1675181189.653724,2195886,1675181189,656361432,optitrack_world,0.4469203029715633,-0.16442366068801573,-0.23271609828333922,0.0043433820343460865,0.6115188214599497,0.7648496884412866,0.20256065788796382
1675181189.6638763,2195887,1675181189,666496111,optitrack_world,0.4475020651648909,-0.16358994237381633,-0.23489211428061235,0.005326091015273648,0.6010918486565022,0.7732839264638647,0.20172305595998175
1675181189.6739705,2195888,1675181189,676676426,optitrack_world,0.44821587187576645,-0.16364061194403726,-0.2361970072944237,0.005397845150369429,0.5994543400868585,0.7747807061223897,0.20084873621522487
1675181189.6841123,2195889,1675181189,686815744,optitrack_world,0.44811793583948345,-0.16409100471271534,-0.23557727854691193,0.006961419458272557,0.6083599045929786,0.7680169855197185,0.19999918768823152
1675181189.6942782,2195890,1675181189,697002355,optitrack_world,0.44880876807289416,-0.16395665900955464,-0.23699782267872319,0.00690648310585967,0.6058693645917413,0.7704168879251223,0.1983240589037992
1675181189.704417,2195891,1675181189,707124560,optitrack_world,0.44942001880282856,-0.1632485685643616,-0.2388747203534098,0.008413222623234068,0.5983634386325994,0.7762547204148359,0.198290246927448
1675181189.7144282,2195892,1675181189,717265221,optitrack_world,0.4494698438502412,-0.1635129856078552,-0.23870845735549878,0.009766989235186065,0.6032107194287086,0.7726207912293394,0.19773352484525555
1675181189.7247286,2195893,1675181189,727483537,optitrack_world,0.4500210693908925,-0.16347925805673946,-0.2396888570322184,0.009584480670590213,0.6029911413955192,0.7726212752190199,0.19840913841791522
1675181189.7348967,2195894,1675181189,737609015,optitrack_world,0.4500356881069115,-0.16410006076464465,-0.23899094524749526,0.010300269329211426,0.6126009741891444,0.7649148762293583,0.19879432335276206
1675181189.7449687,2195895,1675181189,747730781,optitrack_world,0.4509226170315971,-0.16470270991014452,-0.2401833803628937,0.006556837832041149,0.6109147334810905,0.7669254987985691,0.19638094506835083
1675181189.7551265,2195896,1675181189,757851237,optitrack_world,0.45120257292940136,-0.1648659386928803,-0.24056697812542197,0.006858753118394317,0.6130752906104646,0.7652171222882019,0.19630181177339728
1675181189.7653177,2195897,1675181189,767970611,optitrack_world,0.45160530464981474,-0.1640238740061062,-0.24262973597618787,0.008605140013901474,0.6033203743031925,0.7727125391714748,0.19709340253587623
1675181189.775444,2195898,1675181189,778086543,optitrack_world,0.45160530464981474,-0.1640238740061062,-0.24262973597618787,0.008605140013901474,0.6033203743031925,0.7727125391714748,0.19709340253587623
1675181189.7853742,2195899,1675181189,788205231,optitrack_world,0.45254080450878076,-0.1639111825966515,-0.2445284962220197,0.006420050197700376,0.6023964286859729,0.7731998739335527,0.19808907241688728
1675181189.7956336,2195900,1675181189,798322120,optitrack_world,0.4519904138009232,-0.1638927364836594,-0.24303066550754862,0.01392946949350135,0.6162614889099265,0.761431635704021,0.2006230577856123
1675181189.8057463,2195901,1675181189,808441392,optitrack_world,0.453127450048128,-0.16382660693724943,-0.24540003273305191,0.010116997113695684,0.606102294583813,0.7703148631488462,0.19787032744101002
1675181189.8158402,2195902,1675181189,818557174,optitrack_world,0.4538149653731064,-0.16399548184021967,-0.2471543370005016,0.007978651671665147,0.6020555715693808,0.7736520337790828,0.19730169915451137
1675181189.8260202,2195903,1675181189,828674501,optitrack_world,0.4538149653731064,-0.16399548184021967,-0.2471543370005016,0.007978651671665147,0.6020555715693808,0.7736520337790828,0.19730169915451137
1675181189.8360324,2195904,1675181189,838788292,optitrack_world,0.4544885464258975,-0.16421523304353627,-0.24781761987703407,0.010976025958885135,0.6055532239202615,0.7715554241967536,0.1946459535836673
1675181189.846166,2195905,1675181189,848906012,optitrack_world,0.4558681265826121,-0.1646085022197885,-0.24975738312604087,0.004138266886423654,0.6058758119945831,0.7700295965150719,0.1998794528657636
1675181189.8563192,2195906,1675181189,859023632,optitrack_world,0.4558681265826121,-0.1646085022197885,-0.24975738312604087,0.004138266886423654,0.6058758119945831,0.7700295965150719,0.1998794528657636
1675181189.866428,2195907,1675181189,869162914,optitrack_world,0.4563268844235984,-0.16450279177634003,-0.2507992452026041,0.0068743003499589,0.6098204206312133,0.7667404158631571,0.20045182278508106
1675181189.8764613,2195908,1675181189,879281849,optitrack_world,0.4563268844235984,-0.16450279177634003,-0.2507992452026041,0.0068743003499589,0.6098204206312133,0.7667404158631571,0.20045182278508106
1675181189.886684,2195909,1675181189,889400396,optitrack_world,0.45703007381405547,-0.1636002835792136,-0.25351068881481326,0.004371830105293217,0.5991875599605847,0.7745235888324519,0.2026533134002756
1675181189.896826,2195910,1675181189,899519873,optitrack_world,0.4575784210770751,-0.16427009689102245,-0.2537860579546055,0.006702808542676167,0.6065587186692698,0.7693128248749032,0.20049780708758466
1675181189.9069405,2195911,1675181189,909642389,optitrack_world,0.4575784210770751,-0.16427009689102245,-0.2537860579546055,0.006702808542676167,0.6065587186692698,0.7693128248749032,0.20049780708758466
1675181189.917056,2195912,1675181189,919758682,optitrack_world,0.4586514857864473,-0.16412842443147704,-0.25636686333683784,0.007784281022272519,0.6033960343440611,0.7721929913071442,0.19892364083474756
1675181189.9271584,2195913,1675181189,929883842,optitrack_world,0.458924033056359,-0.16386040754752684,-0.25719588245331715,0.0087477678632581,0.6030818055045006,0.772453866664957,0.19882363114378301
1675181189.9373486,2195914,1675181189,940056553,optitrack_world,0.4588466608014393,-0.16367282635044933,-0.2569266521691054,0.013643505240414444,0.6083681900731626,0.7684996382517373,0.1977632576562395
1675181189.9475296,2195915,1675181189,950186869,optitrack_world,0.45974354222251906,-0.1643978336547543,-0.2580375594215011,0.010289536163744352,0.609092164143777,0.7682341478644177,0.19676675298235052
1675181189.957704,2195916,1675181189,960372950,optitrack_world,0.4603412269793854,-0.16404665147981046,-0.2596340027991035,0.009912348729411952,0.6056267600109627,0.7709527531603035,0.19684975310078098
1675181189.9678361,2195917,1675181189,970496544,optitrack_world,0.4606837544371577,-0.16429273659298466,-0.25951358658893364,0.011794106199010895,0.61047009858767,0.7675741471816527,0.19497970757923874
1675181189.9779384,2195918,1675181189,980669365,optitrack_world,0.46080457915659867,-0.16400034760013404,-0.2603266166920879,0.01366726105155729,0.6095263352331763,0.7680377081294568,0.19598196734346116
1675181189.9882047,2195919,1675181189,990848151,optitrack_world,0.4613400622490323,-0.16431666911901122,-0.2612717113674716,0.010839296716035654,0.6082617699705457,0.7692842298665068,0.1951970863453046
1675181189.9983628,2195920,1675181190,1023306,optitrack_world,0.46147242172291536,-0.16446987745636205,-0.2609214002550571,0.013075579017006312,0.6175152784649177,0.7613817743595055,0.19698148077658537
1675181190.0085394,2195921,1675181190,11204550,optitrack_world,0.46167801348269233,-0.1635672483109438,-0.26232502919391665,0.015606246786272284,0.6133383094586516,0.7636867665326735,0.20088575318951565
1675181190.0186296,2195922,1675181190,21335085,optitrack_world,0.46293284033859494,-0.1643850403017807,-0.26421944640838435,0.008602587635561204,0.6098265113966859,0.7674150451530322,0.19776695870769204
1675181190.0288897,2195923,1675181190,31509086,optitrack_world,0.46293284033859494,-0.1643850403017807,-0.26421944640838435,0.008602587635561204,0.6098265113966859,0.7674150451530322,0.19776695870769204
1675181190.0389385,2195924,1675181190,41638978,optitrack_world,0.46390294908733704,-0.1649527280556928,-0.2655168960798423,0.005062525041514511,0.6112862364387434,0.7662283418725758,0.1979839288729363
1675181190.0493007,2195925,1675181190,51849454,optitrack_world,0.46412071259355386,-0.1651159597280276,-0.266100093637648,0.00496338387820427,0.6113183689554585,0.7661609335109686,0.1981480268882752
1675181190.0593479,2195926,1675181190,62041284,optitrack_world,0.46412071259355386,-0.1651159597280276,-0.266100093637648,0.00496338387820427,0.6113183689554585,0.7661609335109686,0.1981480268882752
1675181190.0695376,2195927,1675181190,72267949,optitrack_world,0.46503192677379057,-0.16407893097392262,-0.26863269653203087,0.005307347908072495,0.6062355464833552,0.7688888782789609,0.20312603746721317
1675181190.0797389,2195928,1675181190,82464453,optitrack_world,0.465537744527199,-0.1645674245558772,-0.2693203053599762,0.003100505220739198,0.6064240721576701,0.7689375737540373,0.20242341575109232
1675181190.0899844,2195929,1675181190,92660740,optitrack_world,0.4657533828063022,-0.1647913598444823,-0.2691114397046262,0.006332036104216508,0.6178402456850773,0.7584487668765688,0.20733741619396706
1675181190.1001482,2195930,1675181190,102785193,optitrack_world,0.4657533828063022,-0.1647913598444823,-0.2691114397046262,0.006332036104216508,0.6178402456850773,0.7584487668765688,0.20733741619396706
1675181190.1101937,2195931,1675181190,112952362,optitrack_world,0.46656572031645177,-0.16463012932581178,-0.2707232820620532,0.0054678619030890125,0.6160836939940866,0.7592436268892777,0.20966663899825513
1675181190.1204007,2195932,1675181190,123069268,optitrack_world,0.4673728825369032,-0.16446846798484793,-0.27275004878149106,0.003955017837020624,0.6078026220387421,0.7659684576712389,0.20941024886447734
1675181190.1304433,2195933,1675181190,133234512,optitrack_world,0.4672957307374896,-0.16379741453088947,-0.2731425434221892,0.006277806238161642,0.6072553996842743,0.7658846044244951,0.21123977231729588
1675181190.1407123,2195934,1675181190,143435248,optitrack_world,0.4679755998979327,-0.16360930834681436,-0.2747189162793263,0.004537868953926167,0.6017061484722133,0.7702423839047731,0.21131916305149437
1675181190.1508086,2195935,1675181190,153600640,optitrack_world,0.46836105351444374,-0.1637076468000165,-0.2754604250019956,0.004591744567028543,0.6013695830663606,0.77027942770045,0.21213944401239967
1675181190.161096,2195936,1675181190,163785116,optitrack_world,0.46880202847684566,-0.16443269214701614,-0.27517883864493625,0.00418881196895047,0.609255004234691,0.763814946567051,0.2130200015727357
1675181190.1712415,2195937,1675181190,173929223,optitrack_world,0.4698512380702029,-0.1642287102316049,-0.27766924099086066,0.0002480244255003961,0.598522599564055,0.7724106173012631,0.21249111646196395
1675181190.1814682,2195938,1675181190,184117336,optitrack_world,0.47004329770428244,-0.16393123091491082,-0.2783431724953406,0.001223708726555666,0.597951684113943,0.7723209095450323,0.2144124499225405
1675181190.1914842,2195939,1675181190,194246658,optitrack_world,0.4693006678681133,-0.16455174473763828,-0.27600334204943355,0.0055233066427226,0.6167002913429265,0.7564929462441355,0.2176434378154956
1675181190.2016785,2195940,1675181190,204430292,optitrack_world,0.4704263923666559,-0.16457729828181034,-0.27822289409485623,0.0018685952297464274,0.6084269489666784,0.7635226610299602,0.2164400661076752
1675181190.2118728,2195941,1675181190,214558350,optitrack_world,0.46978299415084357,-0.16470309902653432,-0.2771349567222598,0.005122941731378667,0.617164307386341,0.7561003859189868,0.21770204309908112
1675181190.2220423,2195942,1675181190,224737570,optitrack_world,0.46978299415084357,-0.16470309902653432,-0.2771349567222598,0.005122941731378667,0.617164307386341,0.7561003859189868,0.21770204309908112
1675181190.2321584,2195943,1675181190,234877741,optitrack_world,0.4708657529727221,-0.16447407453960322,-0.27890637192731194,0.004956491216726658,0.6159126264114813,0.7562189795235504,0.22081649582875254
1675181190.2424517,2195944,1675181190,245066164,optitrack_world,0.4711740338125021,-0.1642626837193335,-0.27968806894237463,0.00544819206095576,0.6147783749159883,0.7564530313264924,0.22315169355369927
1675181190.252511,2195945,1675181190,255274549,optitrack_world,0.4720075178607167,-0.16420519777724388,-0.2817762392713046,0.0036611173018600307,0.6055541418550937,0.7641160415315377,0.22230036566865222
1675181190.2627318,2195946,1675181190,265420273,optitrack_world,0.4730663860138291,-0.16481906223874007,-0.28346842704813147,-0.0012764183523066685,0.6027809382169051,0.7663613563763381,0.22213460498435839
1675181190.2728727,2195947,1675181190,275598457,optitrack_world,0.4730663860138291,-0.16481906223874007,-0.28346842704813147,-0.0012764183523066685,0.6027809382169051,0.7663613563763381,0.22213460498435839
1675181190.2830248,2195948,1675181190,285717750,optitrack_world,0.4735617821769706,-0.1647843736836426,-0.2841983998571488,0.00044433208292125973,0.6048023388234084,0.7643832701897681,0.22345502853310578
1675181190.293208,2195949,1675181190,295890144,optitrack_world,0.47283134029024704,-0.1647164435875943,-0.2830686153943613,0.004943921434360575,0.6134390528475866,0.7566270699508054,0.2262378463033227
1675181190.3033197,2195950,1675181190,306005433,optitrack_world,0.47283134029024704,-0.1647164435875943,-0.2830686153943613,0.004943921434360575,0.6134390528475866,0.7566270699508054,0.2262378463033227
1675181190.3133712,2195951,1675181190,316162155,optitrack_world,0.4738221341045775,-0.16392288006122963,-0.2855471820104738,0.005752705774959088,0.6057518527889588,0.7618968562206594,0.22922648123654085
1675181190.3235722,2195952,1675181190,326273112,optitrack_world,0.4738221341045775,-0.16392288006122963,-0.2855471820104738,0.005752705774959088,0.6057518527889588,0.7618968562206594,0.22922648123654085
1675181190.3337438,2195953,1675181190,336444182,optitrack_world,0.4741221780675303,-0.16383911846794894,-0.2862221833255365,0.005574844054455791,0.6053118420492091,0.7618876616106149,0.23042067197686752
1675181190.3440065,2195954,1675181190,346623469,optitrack_world,0.47546421334049216,-0.16403700360672713,-0.2885230189742224,0.0025161110606588565,0.6008089810479712,0.7653953595327737,0.23063430161822226
1675181190.3540277,2195955,1675181190,356762124,optitrack_world,0.47565236284862505,-0.1639110881449306,-0.28897266899356516,0.003204512659909504,0.6021222459663637,0.763820302377343,0.2324157432000224
1675181190.364288,2195956,1675181190,366949033,optitrack_world,0.47580916238486065,-0.16361154376846065,-0.28954973998918765,0.004531059362105005,0.6019763417430074,0.7632098779149834,0.23476506498148172
1675181190.3744967,2195957,1675181190,377152739,optitrack_world,0.47557756679300917,-0.16396683317465927,-0.28885397504937693,0.005707703140112804,0.6095539030881199,0.7567785430271355,0.2360035977874687
1675181190.3846037,2195958,1675181190,387342469,optitrack_world,0.4759673245707233,-0.1642338711014806,-0.28941775705003875,0.004831749713025335,0.6101364967302612,0.7560427856443916,0.2368742616400167
1675181190.394837,2195959,1675181190,397538856,optitrack_world,0.47672266415179454,-0.16366562373566207,-0.29143770733632124,0.003978192425370355,0.6005307283396973,0.76311813284035,0.2387419813000578
1675181190.4050157,2195960,1675181190,407733191,optitrack_world,0.4781300806480282,-0.16456084441097774,-0.2926277309045412,-0.0022711199771747203,0.5978567525485584,0.7658652322034852,0.23666979432965835
1675181190.4151998,2195961,1675181190,417926868,optitrack_world,0.4786033577756326,-0.16485980524212457,-0.29334090088225445,-0.0037450786884035982,0.5983721518585281,0.7647800935199667,0.23884754723757015
1675181190.4253845,2195962,1675181190,428106801,optitrack_world,0.4786033577756326,-0.16485980524212457,-0.29334090088225445,-0.0037450786884035982,0.5983721518585281,0.7647800935199667,0.23884754723757015
1675181190.4355152,2195963,1675181190,438229382,optitrack_world,0.47915310369050823,-0.16509298381076465,-0.2941237153422007,-0.004639271064110623,0.6008936387287315,0.7609403460089375,0.24469389431519703
1675181190.4456174,2195964,1675181190,448401132,optitrack_world,0.4793487425683953,-0.16518885139111228,-0.29422184224578174,-0.004464979815233958,0.6035820924343126,0.757557919195083,0.24854520858926785
1675181190.4559042,2195965,1675181190,458595184,optitrack_world,0.47946116148118234,-0.16519235519883446,-0.2944166155939016,-0.004351374739413874,0.6038631931629825,0.756689467405403,0.2505022143586985
1675181190.4660685,2195966,1675181190,468754728,optitrack_world,0.47913546832562515,-0.16444712151576113,-0.294746142358826,-0.0017341224366534027,0.6035143436334509,0.7550782245793054,0.2561724118913346
1675181190.4762065,2195967,1675181190,478933720,optitrack_world,0.47913546832562515,-0.16444712151576113,-0.294746142358826,-0.0017341224366534027,0.6035143436334509,0.7550782245793054,0.2561724118913346
1675181190.4864414,2195968,1675181190,489149021,optitrack_world,0.4792584967878688,-0.16441377294486367,-0.29484630779637483,-0.0011998270603763165,0.6067403730532396,0.750606338802984,0.2616386903174314
1675181190.4967265,2195969,1675181190,499354395,optitrack_world,0.47960158965273436,-0.16466637576726068,-0.2949932210945674,-0.0030701307590701257,0.6081501363612385,0.7487798105844693,0.26357689808102575
1675181190.5068889,2195970,1675181190,509531540,optitrack_world,0.47960158965273436,-0.16466637576726068,-0.2949932210945674,-0.0030701307590701257,0.6081501363612385,0.7487798105844693,0.26357689808102575
1675181190.5170026,2195971,1675181190,519728567,optitrack_world,0.47969514171717675,-0.16482855962288018,-0.2950493886556227,-0.004606878383735911,0.610158705414018,0.7459996951780965,0.2667762839407474
1675181190.5273128,2195972,1675181190,529906591,optitrack_world,0.47969514171717675,-0.16482855962288018,-0.2950493886556227,-0.004606878383735911,0.610158705414018,0.7459996951780965,0.2667762839407474
1675181190.5374064,2195973,1675181190,540100571,optitrack_world,0.479761902073676,-0.16493800479410065,-0.29561640390870636,-0.008057978243026098,0.6108201211502945,0.7444657892763362,0.269452291105005
1675181190.5476131,2195974,1675181190,550298567,optitrack_world,0.4804057704062641,-0.1650320822577848,-0.296619175780494,-0.011065317796613811,0.60892092787719,0.745375739035465,0.2711233482984755
1675181190.5578866,2195975,1675181190,560478725,optitrack_world,0.4804057704062641,-0.1650320822577848,-0.296619175780494,-0.011065317796613811,0.60892092787719,0.745375739035465,0.2711233482984755
1675181190.5679345,2195976,1675181190,570664978,optitrack_world,0.48137084950366016,-0.16415818217656847,-0.29901930457273157,-0.011998063953152808,0.598676360275788,0.7524651405582401,0.27429705494769535
1675181190.5780444,2195977,1675181190,580864960,optitrack_world,0.481502716075096,-0.1640948447942448,-0.2994070495777139,-0.011473345537685475,0.5990296657865564,0.7518447370920414,0.27524773052074125
1675181190.5884418,2195978,1675181190,591043217,optitrack_world,0.4816667678488423,-0.16399242730948457,-0.2998737041819104,-0.010800127213707595,0.5992382543763008,0.7511906239300026,0.2766035398614141
1675181190.5986443,2195979,1675181190,601247380,optitrack_world,0.48211054292764005,-0.16433972317893997,-0.3004781386633523,-0.012669357830581247,0.5991820813612169,0.7513816238969085,0.2761267390490199
1675181190.6087534,2195980,1675181190,611426682,optitrack_world,0.48235592575736874,-0.16413774775043943,-0.30100459965553544,-0.01158729092478142,0.598929070222677,0.7511030702035932,0.2774777134509367
1675181190.6188803,2195981,1675181190,621567668,optitrack_world,0.4835701179329479,-0.1659942910878004,-0.30137304849616403,-0.018049420538314244,0.6043335912870283,0.7477471254218091,0.2744619559862083
1675181190.6290553,2195982,1675181190,631724504,optitrack_world,0.4847012882076547,-0.16591021342190282,-0.3033940914032516,-0.022535079349857354,0.5955787209871123,0.7549891822188385,0.273440106858121
1675181190.6390636,2195983,1675181190,641866221,optitrack_world,0.48421956626493146,-0.1660323943000459,-0.3027336371654294,-0.016809960330845034,0.6067255853969288,0.7456709695888084,0.27491143004778074
1675181190.6491017,2195984,1675181190,651968587,optitrack_world,0.48525876081020697,-0.16581685431984622,-0.30489867283414623,-0.020043433353339725,0.5984333271857741,0.7526244973842984,0.27392002414903305
1675181190.6593316,2195985,1675181190,662091724,optitrack_world,0.48546278653328717,-0.16577536391480294,-0.30538151549892867,-0.019235623817139686,0.5990717685477656,0.7523438526770746,0.2733527652035628
1675181190.6694655,2195986,1675181190,672218316,optitrack_world,0.48546278653328717,-0.16577536391480294,-0.30538151549892867,-0.019235623817139686,0.5990717685477656,0.7523438526770746,0.2733527652035628
1675181190.6796236,2195987,1675181190,682363664,optitrack_world,0.4862273142541172,-0.16547797975716952,-0.3070465124847599,-0.019083440141128873,0.5953077299574889,0.7557011900378324,0.2723237785075798
1675181190.6897943,2195988,1675181190,692511947,optitrack_world,0.48670044523718475,-0.16568470198165328,-0.3078461201910804,-0.02116958091140876,0.5942296105049307,0.7570340916867186,0.2708180253736049
1675181190.6999555,2195989,1675181190,702685222,optitrack_world,0.48670044523718475,-0.16568470198165328,-0.3078461201910804,-0.02116958091140876,0.5942296105049307,0.7570340916867186,0.2708180253736049
1675181190.7101517,2195990,1675181190,712893461,optitrack_world,0.48712068990610524,-0.1652417418917563,-0.30897762642948284,-0.02122898102955842,0.5933536145165039,0.757063614230438,0.272645378675292
1675181190.7203805,2195991,1675181190,723082318,optitrack_world,0.48712068990610524,-0.1652417418917563,-0.30897762642948284,-0.02122898102955842,0.5933536145165039,0.757063614230438,0.272645378675292
1675181190.730544,2195992,1675181190,733276538,optitrack_world,0.48726837976623316,-0.165134068027748,-0.30946028218889254,-0.021868187062112934,0.5932604182329274,0.7569769925096211,0.27303789364078634
1675181190.740743,2195993,1675181190,743498511,optitrack_world,0.48772163277134917,-0.16516618750759557,-0.31034414247873005,-0.02366166592661722,0.5954810173500766,0.7550367131220665,0.2734264899001579
1675181190.7508676,2195994,1675181190,753637626,optitrack_world,0.48772163277134917,-0.16516618750759557,-0.31034414247873005,-0.02366166592661722,0.5954810173500766,0.7550367131220665,0.2734264899001579
1675181190.7611725,2195995,1675181190,763864287,optitrack_world,0.4883506714010356,-0.16526783403394554,-0.3117289875421087,-0.028029444750169826,0.594440401686214,0.7564637406025448,0.27132557605897634
1675181190.771242,2195996,1675181190,773987705,optitrack_world,0.48903133679323607,-0.16608428600085093,-0.31247167593040975,-0.03263840791470032,0.5962422348265477,0.7554026320534322,0.26980881235531307
1675181190.781408,2195997,1675181190,784102549,optitrack_world,0.4892569774428061,-0.16616996432944398,-0.31309281103477,-0.03414011184378065,0.5956663289176557,0.7567762651771263,0.2670313873341808
1675181190.7915325,2195998,1675181190,794288287,optitrack_world,0.4893060315711947,-0.1657673132408336,-0.31376186059316474,-0.032432803602730494,0.5941224968949413,0.7583156990626327,0.26631536284814245
1675181190.8015702,2195999,1675181190,804388156,optitrack_world,0.4895268492892155,-0.16565362116981458,-0.3142800966470858,-0.03250668472200896,0.5939684140502715,0.758871264148149,0.2650646015770108
1675181190.8118417,2196000,1675181190,814547738,optitrack_world,0.48977392119337193,-0.1656615351814397,-0.3146990776047875,-0.03331043463095412,0.595094533043109,0.7584402801444465,0.2636688323281963
1675181190.8222077,2196001,1675181190,824721948,optitrack_world,0.48977392119337193,-0.1656615351814397,-0.3146990776047875,-0.03331043463095412,0.595094533043109,0.7584402801444465,0.2636688323281963
1675181190.8322139,2196002,1675181190,834901537,optitrack_world,0.48992731678069,-0.16605658483140198,-0.3145569245278201,-0.0336977148427038,0.6023578695564487,0.7532026901994822,0.2621357825136795
1675181190.8423142,2196003,1675181190,845049539,optitrack_world,0.49007677645803616,-0.16585516450419532,-0.3151943217396556,-0.033629546806858805,0.6016044540312293,0.7535676050268008,0.2628250351955147
1675181190.8524606,2196004,1675181190,855161907,optitrack_world,0.49007677645803616,-0.16585516450419532,-0.3151943217396556,-0.033629546806858805,0.6016044540312293,0.7535676050268008,0.2628250351955147
1675181190.862559,2196005,1675181190,865296215,optitrack_world,0.4910547734737643,-0.16621986521841048,-0.3165767960974869,-0.03907538036940479,0.6003375352639722,0.7543000775814641,0.262867554792832
1675181190.8727472,2196006,1675181190,875474535,optitrack_world,0.4910547734737643,-0.16621986521841048,-0.3165767960974869,-0.03907538036940479,0.6003375352639722,0.7543000775814641,0.262867554792832
1675181190.8828993,2196007,1675181190,885609704,optitrack_world,0.49145867541860855,-0.1658741255992181,-0.3183532402733105,-0.04368292743409258,0.5963308515493022,0.7555308876480342,0.2676833860198377
1675181190.8930428,2196008,1675181190,895739202,optitrack_world,0.4911653227490498,-0.16514180667914108,-0.31876187557096897,-0.04019075126907054,0.5966050109424493,0.7532808462300162,0.2738889029036743
1675181190.9031506,2196009,1675181190,905869435,optitrack_world,0.4911653227490498,-0.16514180667914108,-0.31876187557096897,-0.04019075126907054,0.5966050109424493,0.7532808462300162,0.2738889029036743
1675181190.9133134,2196010,1675181190,916009377,optitrack_world,0.49174089501755963,-0.16459620663605867,-0.32025001503157724,-0.04296821935356408,0.591680878424203,0.7556697934579827,0.277543930735149
1675181190.9234352,2196011,1675181190,926140183,optitrack_world,0.49174089501755963,-0.16459620663605867,-0.32025001503157724,-0.04296821935356408,0.591680878424203,0.7556697934579827,0.277543930735149
1675181190.933539,2196012,1675181190,936282242,optitrack_world,0.4921268969211875,-0.16482795957204033,-0.32071854658730703,-0.045510412767373686,0.5920651506547292,0.7548175726182504,0.27863612790991116
1675181190.9437025,2196013,1675181190,946425561,optitrack_world,0.4932001884147686,-0.16612693966972938,-0.32167231544530583,-0.05500304008461551,0.5924245284249343,0.7554602753531467,0.2743858889689702
1675181190.9539018,2196014,1675181190,956562828,optitrack_world,0.4932001884147686,-0.16612693966972938,-0.32167231544530583,-0.05500304008461551,0.5924245284249343,0.7554602753531467,0.2743858889689702
1675181190.9639907,2196015,1675181190,966716978,optitrack_world,0.4938941516355627,-0.16680556395571267,-0.32240016172946495,-0.0588529833047105,0.5941592268063659,0.7541786696296001,0.273359971160233
1675181190.9741445,2196016,1675181190,976848601,optitrack_world,0.494848644375135,-0.16604114706532214,-0.32462120086818,-0.06160875617921635,0.5823809947656116,0.7632633884607711,0.27288411081125363
1675181190.9842067,2196017,1675181190,986982588,optitrack_world,0.49486379359176214,-0.165857123790552,-0.32504678804172976,-0.06248067112510271,0.583437099181583,0.7615330751131131,0.27525386926090994
1675181190.9944332,2196018,1675181190,997119573,optitrack_world,0.4949675457573573,-0.16589030354945328,-0.32488947279548963,-0.062175668462449395,0.5833081015774809,0.762574678035245,0.2727007614671534
1675181191.004554,2196019,1675181191,7262008,optitrack_world,0.49506582958178413,-0.16545999779876014,-0.3253128606206225,-0.06356605847683447,0.5845566891122776,0.7605826453191782,0.2752578301576412
1675181191.0146859,2196020,1675181191,17401765,optitrack_world,0.49461007369302834,-0.16478801433174184,-0.3251540265104814,-0.059829819110021124,0.5854193357492,0.7592951960656225,0.2778046063475112
1675181191.0247905,2196021,1675181191,27565437,optitrack_world,0.49443787165961184,-0.16474649272657169,-0.3250708282056302,-0.05927264042677178,0.5858003600999261,0.7592568340178352,0.27722509302162585
1675181191.034995,2196022,1675181191,37704443,optitrack_world,0.4944364971682136,-0.16471506194197796,-0.32510476798149024,-0.06012276166824839,0.5864903821208929,0.7587025337945659,0.27710061425911303
1675181191.0451686,2196023,1675181191,47844831,optitrack_world,0.49438388673811245,-0.1647287392089723,-0.3250464442214416,-0.06106383875491483,0.5877824146648151,0.7577762795751594,0.27669143593639317
1675181191.0553308,2196024,1675181191,57979749,optitrack_world,0.4948635891091257,-0.16564699963149396,-0.3251718487281975,-0.06703927598571668,0.5888563637310041,0.7578404928014671,0.2728217473722352
1675181191.065484,2196025,1675181191,68168911,optitrack_world,0.49482610223818535,-0.16567044208537374,-0.32518285514891354,-0.06790875850739057,0.5895642504318099,0.7573356545639989,0.2724795431897271
1675181191.0756235,2196026,1675181191,78282858,optitrack_world,0.49482610223818535,-0.16567044208537374,-0.32518285514891354,-0.06790875850739057,0.5895642504318099,0.7573356545639989,0.2724795431897271
1675181191.0857892,2196027,1675181191,88459763,optitrack_world,0.4950360792797013,-0.16608837249307984,-0.3253149066056997,-0.07221976109308144,0.5912788642952906,0.7562181922622857,0.27075386689185127
1675181191.0960777,2196028,1675181191,98594042,optitrack_world,0.4950297563417028,-0.16608839194683475,-0.3253154631753401,-0.0737035234675587,0.5922318791164409,0.7554311218516413,0.2704681351372967
1675181191.106111,2196029,1675181191,108729065,optitrack_world,0.49487013187251244,-0.1658277195146649,-0.32533721036316704,-0.07405749694346386,0.5929020708218673,0.7546720490916102,0.27102162253495654
1675181191.1162271,2196030,1675181191,118862955,optitrack_world,0.4948227373406966,-0.16585907513515918,-0.3253165691500014,-0.07531321052971507,0.5945182138175548,0.7533003749666612,0.27095121116905635
1675181191.126265,2196031,1675181191,128979640,optitrack_world,0.4942608563465678,-0.16652752893180556,-0.32398584141500475,-0.07478091275390504,0.6032571586108871,0.7466787099498143,0.2701101993262986
1675181191.136393,2196032,1675181191,139100917,optitrack_world,0.49436842284145155,-0.16641556437697572,-0.32423240169688183,-0.07580052195395992,0.6045566683220641,0.7456459654029262,0.26977325652697887
1675181191.1464822,2196033,1675181191,149265715,optitrack_world,0.49512012142251505,-0.16570303685083054,-0.3260502868004931,-0.07892307729774861,0.5963661036746538,0.752710484233373,0.26747999024773206
1675181191.1567602,2196034,1675181191,159458954,optitrack_world,0.495144638147754,-0.16588430684399047,-0.326043240287995,-0.07932730520400573,0.5992533460611219,0.7511795943032622,0.26520147621385187
1675181191.1668851,2196035,1675181191,169610640,optitrack_world,0.49430524194173564,-0.16461913923579613,-0.3259873594814391,-0.07241916228804365,0.6005806031659886,0.7500269922916853,0.26742833594846177
1675181191.1770358,2196036,1675181191,179753636,optitrack_world,0.493544910577306,-0.16490927109814463,-0.3247817967869546,-0.06948403834386735,0.6081287832301291,0.7451435197336351,0.26478762512897097
1675181191.1872087,2196037,1675181191,189898485,optitrack_world,0.49342709665470985,-0.16492350030114733,-0.32469379514899815,-0.06924878043382804,0.6106361224990304,0.7438192211037732,0.2627947842411502
1675181191.1974494,2196038,1675181191,200040288,optitrack_world,0.4936936530212039,-0.1651594652557441,-0.325346953225494,-0.07210190388771755,0.6097688998019285,0.7445497712281325,0.2619710717889429
1675181191.2074854,2196039,1675181191,210250144,optitrack_world,0.49490419875568215,-0.166829150453744,-0.3257756041058307,-0.08361781002720743,0.6112528243844381,0.7441317215009755,0.25621480750396913
1675181191.2177045,2196040,1675181191,220418137,optitrack_world,0.4936242212657195,-0.1652504667603814,-0.32581467962689764,-0.07751858435322967,0.6127735547806793,0.7416548689707568,0.2616247216401588
1675181191.227849,2196041,1675181191,230561003,optitrack_world,0.49450177523474137,-0.16634121586563652,-0.3263259239742199,-0.0864385592214163,0.6134839140668754,0.7412101192539439,0.25840553743383043
1675181191.2380335,2196042,1675181191,240705712,optitrack_world,0.49519797552416406,-0.16595413223932948,-0.32825279075241276,-0.09112820652351235,0.6076964847320345,0.7450982171663045,0.25928609526106633
1675181191.248185,2196043,1675181191,250866437,optitrack_world,0.49544302579378735,-0.1663376057519502,-0.32903068601834784,-0.09444010560417913,0.6081710895936027,0.7441457812178381,0.2597230227216969
1675181191.258266,2196044,1675181191,260995142,optitrack_world,0.4941497638173391,-0.16507433289520734,-0.32928407782440944,-0.08512147438511965,0.6101897668292905,0.7407709331745154,0.26773346376401524
1675181191.268421,2196045,1675181191,271146333,optitrack_world,0.49444519213777083,-0.16606887246535762,-0.3297283531807344,-0.0899115597864753,0.612076400164166,0.7391661831551688,0.26629259369846975
1675181191.278489,2196046,1675181191,281280436,optitrack_world,0.49444519213777083,-0.16606887246535762,-0.3297283531807344,-0.0899115597864753,0.612076400164166,0.7391661831551688,0.26629259369846975
1675181191.2886329,2196047,1675181191,291436151,optitrack_world,0.49402990934750596,-0.16584175517682934,-0.33038946652987133,-0.09211200404733963,0.6151117550005463,0.7345390365095572,0.2713029882145463
1675181191.2989216,2196048,1675181191,301597848,optitrack_world,0.49401646095268925,-0.1659260578738947,-0.3304478358550924,-0.0952227809233797,0.6178339393362383,0.731492274333066,0.27227357196122043
1675181191.3091443,2196049,1675181191,311731690,optitrack_world,0.49401646095268925,-0.1659260578738947,-0.3304478358550924,-0.0952227809233797,0.6178339393362383,0.731492274333066,0.27227357196122043
1675181191.3191683,2196050,1675181191,321858256,optitrack_world,0.4926366178121119,-0.16590020902837993,-0.3291476524108427,-0.09360785139206855,0.6303035786108423,0.7197785427381568,0.27545202551780507
1675181191.3292947,2196051,1675181191,332012161,optitrack_world,0.492744228200825,-0.16646995618249574,-0.3293153623400977,-0.10040882238602121,0.6324556801231517,0.7181648783580217,0.27231799162013154
1675181191.3393803,2196052,1675181191,342172441,optitrack_world,0.49248402139733066,-0.16589063969719847,-0.33119975620524966,-0.10309004773212317,0.6293318294106756,0.7210108996575484,0.2710298380699322
1675181191.3495314,2196053,1675181191,352310756,optitrack_world,0.49248402139733066,-0.16589063969719847,-0.33119975620524966,-0.10309004773212317,0.6293318294106756,0.7210108996575484,0.2710298380699322
1675181191.3597565,2196054,1675181191,362466175,optitrack_world,0.4916837174757189,-0.16619717894710023,-0.33104508775502134,-0.1052547093728101,0.6358534916345134,0.7161726605705017,0.26778443491437687
1675181191.369912,2196055,1675181191,372603488,optitrack_world,0.4916837174757189,-0.16619717894710023,-0.33104508775502134,-0.1052547093728101,0.6358534916345134,0.7161726605705017,0.26778443491437687
1675181191.380034,2196056,1675181191,382753059,optitrack_world,0.4907115811743679,-0.1673023910310354,-0.3294079294064898,-0.11104961492492615,0.6481083011842668,0.7057824615221719,0.26361853115586015
1675181191.3903108,2196057,1675181191,392954523,optitrack_world,0.4903109867688571,-0.16705535997290605,-0.329491670749297,-0.1132397267932434,0.6495933050199855,0.7039606629479279,0.26390279909640524
1675181191.4004185,2196058,1675181191,403103085,optitrack_world,0.48981202070129143,-0.1668482081219173,-0.329902803526621,-0.1157586654688752,0.6492513349928651,0.7038483478337338,0.2639510155892011
1675181191.41039,2196059,1675181191,413244833,optitrack_world,0.4894826090159084,-0.1667732085327348,-0.33048492360058945,-0.11854572977202738,0.6489908843121301,0.7034086515393622,0.2645260119008206
1675181191.42083,2196060,1675181191,423399652,optitrack_world,0.4892270164059721,-0.1668690296073407,-0.33053409754344554,-0.12170656989490644,0.6508043011283775,0.701332453361555,0.2641478039641494
1675181191.430836,2196061,1675181191,433549817,optitrack_world,0.48903668626278424,-0.16658639474712475,-0.33190031353802657,-0.1257310716042894,0.6466216540282091,0.7051838029483326,0.2622745474391048
1675181191.4410172,2196062,1675181191,443747873,optitrack_world,0.48877875468504284,-0.16709610229348204,-0.33199896121045785,-0.12932451628312586,0.6494906754086113,0.7023767065087733,0.26096741980425464
1675181191.451112,2196063,1675181191,453891651,optitrack_world,0.48745072414238055,-0.16614596394884357,-0.3321460506619516,-0.12495019164556741,0.6520378738132184,0.6989279958900837,0.2659581118934796
1675181191.461474,2196064,1675181191,464083182,optitrack_world,0.4869442393917353,-0.16625293017212717,-0.3323988107066609,-0.12676821700789428,0.6543490647470216,0.6962723494990067,0.2663868163863797
1675181191.4715261,2196065,1675181191,474214303,optitrack_world,0.4869442393917353,-0.16625293017212717,-0.3323988107066609,-0.12676821700789428,0.6543490647470216,0.6962723494990067,0.2663868163863797
1675181191.4817398,2196066,1675181191,484398820,optitrack_world,0.48616514980614867,-0.16684804122997318,-0.3319460907932277,-0.13301665668901932,0.6645560083269834,0.685510571347922,0.265983340474601
1675181191.4919631,2196067,1675181191,494588953,optitrack_world,0.48528802566993823,-0.16651572131830655,-0.33209532929393454,-0.13183879590892536,0.6653637935060643,0.6858603550042404,0.26363825143169456
1675181191.5020077,2196068,1675181191,504721587,optitrack_world,0.48528802566993823,-0.16651572131830655,-0.33209532929393454,-0.13183879590892536,0.6653637935060643,0.6858603550042404,0.26363825143169456
1675181191.5121832,2196069,1675181191,514913601,optitrack_world,0.484564557799408,-0.16687767999719935,-0.3327860734895318,-0.1362770056084359,0.6679414568955712,0.6840941353370257,0.2594185843383381
1675181191.522442,2196070,1675181191,525099057,optitrack_world,0.484564557799408,-0.16687767999719935,-0.3327860734895318,-0.1362770056084359,0.6679414568955712,0.6840941353370257,0.2594185843383381
1675181191.5325217,2196071,1675181191,535268378,optitrack_world,0.4846680164140544,-0.16718351136038417,-0.3340168360284713,-0.14108129597021551,0.6672721038012053,0.6830545149078067,0.2613054478577491
1675181191.542755,2196072,1675181191,545408717,optitrack_world,0.4831418084729937,-0.16668967431635168,-0.3345599115274884,-0.14446878056869772,0.668510367664303,0.6818867751367153,0.2593319989125572
1675181191.552837,2196073,1675181191,555539414,optitrack_world,0.4831418084729937,-0.16668967431635168,-0.3345599115274884,-0.14446878056869772,0.668510367664303,0.6818867751367153,0.2593319989125572
1675181191.5629737,2196074,1675181191,565686770,optitrack_world,0.4829211066341118,-0.16688463331417647,-0.3350958447693402,-0.14971725468124156,0.6679331904230766,0.6819107607620162,0.25777453547418266
1675181191.573121,2196075,1675181191,575827068,optitrack_world,0.4829211066341118,-0.16688463331417647,-0.3350958447693402,-0.14971725468124156,0.6679331904230766,0.6819107607620162,0.25777453547418266
1675181191.5832727,2196076,1675181191,585969323,optitrack_world,0.48027701014017843,-0.16648835622989636,-0.3359496401300192,-0.15557845597103853,0.672228768560935,0.6749980757410121,0.2613071459081196
1675181191.5934062,2196077,1675181191,596121202,optitrack_world,0.48003583563783253,-0.16679720078683394,-0.33645768248535923,-0.1610102381607862,0.67216637945834,0.674502329364597,0.25945070671518017
1675181191.6035097,2196078,1675181191,606268492,optitrack_world,0.4784122099786379,-0.16625023215428963,-0.3356419089339364,-0.15883578299798184,0.6781057134191649,0.667733814303549,0.2628219715003617
1675181191.6137407,2196079,1675181191,616419462,optitrack_world,0.4778947320522947,-0.16634584078540465,-0.33599850978738766,-0.16257626171735107,0.6784693520092364,0.6668059681808192,0.2619505646274097
1675181191.6238768,2196080,1675181191,626568072,optitrack_world,0.47782176521954106,-0.1664563679268929,-0.3374099127498021,-0.16793613586287473,0.6747356366153441,0.6697391308663301,0.26072738931524864
1675181191.6340816,2196081,1675181191,636717248,optitrack_world,0.4768934330524247,-0.1666241337266382,-0.33696434075632464,-0.17217604186781837,0.6789945730583175,0.6644212461022192,0.2605113972402335
1675181191.6441615,2196082,1675181191,646833131,optitrack_world,0.4756129203642478,-0.16621189814936488,-0.3371865981819924,-0.17248736048527966,0.6810922042440594,0.6610036356867488,0.2635065718339668
1675181191.6541507,2196083,1675181191,656926984,optitrack_world,0.4756393127004243,-0.16638009726452196,-0.3386663215964363,-0.179518061460909,0.677218513815338,0.663254968623111,0.2631372203847609
1675181191.6641865,2196084,1675181191,667017753,optitrack_world,0.47491129831915146,-0.16664619708468886,-0.3382902490901524,-0.18400873367147694,0.6808460014025841,0.6579683069449664,0.263945478011476
1675181191.6743155,2196085,1675181191,677100497,optitrack_world,0.47491129831915146,-0.16664619708468886,-0.3382902490901524,-0.18400873367147694,0.6808460014025841,0.6579683069449664,0.263945478011476
1675181191.684461,2196086,1675181191,687200643,optitrack_world,0.47348931121674065,-0.16622640071463285,-0.34004465756873403,-0.19091254636118338,0.6800898427576597,0.6562294733360929,0.26531694959950186
1675181191.6945589,2196087,1675181191,697330172,optitrack_world,0.47259116960430775,-0.16667673237153025,-0.33923681275344175,-0.19399206800210736,0.6861636202122285,0.648984947777229,0.2652642105676933
1675181191.7047358,2196088,1675181191,707470995,optitrack_world,0.47259116960430775,-0.16667673237153025,-0.33923681275344175,-0.19399206800210736,0.6861636202122285,0.648984947777229,0.2652642105676933
1675181191.714916,2196089,1675181191,717611758,optitrack_world,0.4710594974088869,-0.16625838936370477,-0.3401834772400597,-0.19903615467534197,0.6885610227786758,0.6452835245234376,0.26434352653440807
1675181191.7249646,2196090,1675181191,727747304,optitrack_world,0.4710594974088869,-0.16625838936370477,-0.3401834772400597,-0.19903615467534197,0.6885610227786758,0.6452835245234376,0.26434352653440807
1675181191.735231,2196091,1675181191,737896732,optitrack_world,0.4692908219331494,-0.16706639566789883,-0.3401494578137226,-0.20469499807114788,0.6938519477191254,0.6405966232293969,0.2574983470201763
1675181191.7454424,2196092,1675181191,748078320,optitrack_world,0.4685626062372079,-0.16683488238143424,-0.3408559611340248,-0.2078657036436901,0.6938042524902381,0.6389465597821972,0.2591810221016785
1675181191.7555568,2196093,1675181191,758210887,optitrack_world,0.4685626062372079,-0.16683488238143424,-0.3408559611340248,-0.2078657036436901,0.6938042524902381,0.6389465597821972,0.2591810221016785
1675181191.7656772,2196094,1675181191,768378312,optitrack_world,0.4681868599633065,-0.16616886795994107,-0.34116584739171163,-0.21478350656189574,0.6952097262195422,0.6357781556626954,0.25756090281886074
1675181191.775821,2196095,1675181191,778540811,optitrack_world,0.4681868599633065,-0.16616886795994107,-0.34116584739171163,-0.21478350656189574,0.6952097262195422,0.6357781556626954,0.25756090281886074
1675181191.7859068,2196096,1675181191,788671569,optitrack_world,0.466601514093688,-0.16694164408605472,-0.34159863288672065,-0.23030743455514943,0.7007093382886704,0.6245288314221162,0.2567657444952599
1675181191.7961497,2196097,1675181191,798835060,optitrack_world,0.46602681358817283,-0.16664135543700714,-0.342005548088198,-0.23516177185922776,0.7021371884373946,0.6213731339623653,0.25612055376140275
1675181191.806406,2196098,1675181191,809014682,optitrack_world,0.4649742350597351,-0.1666226778012525,-0.34242008865446477,-0.23868966374904674,0.7024821198687714,0.6215169131511893,0.25152105747046544
1675181191.8165114,2196099,1675181191,819190242,optitrack_world,0.4642688009263077,-0.16651216472539915,-0.34267072475886545,-0.2410184965703789,0.7046327146577225,0.6173813894039056,0.25346211109896866
1675181191.8265665,2196100,1675181191,829316091,optitrack_world,0.46368903010225254,-0.16644676833867045,-0.34280781359995816,-0.24443921152832185,0.7075742936334887,0.6123175917398862,0.2542739815678119
1675181191.8367078,2196101,1675181191,839443214,optitrack_world,0.46360763843591446,-0.16680098717352093,-0.34392236185159625,-0.2495280061619456,0.7070729873161884,0.6103171949755314,0.25553177153889206
1675181191.8469925,2196102,1675181191,849622205,optitrack_world,0.4629299946217301,-0.1671270212358803,-0.34409565953298,-0.25217946043101075,0.7094873685216158,0.6065006252298223,0.25532368719104753
1675181191.85704,2196103,1675181191,859797875,optitrack_world,0.4628026470275281,-0.16681504298979588,-0.3439882846690525,-0.25798294948478995,0.7121789557230664,0.601625855592553,0.25355918970303437
1675181191.8672535,2196104,1675181191,869970638,optitrack_world,0.4622053648868058,-0.16653605885344072,-0.3438748601002056,-0.2601264873780025,0.7154649141636531,0.5970684458140664,0.2528901701892617
1675181191.8774915,2196105,1675181191,880147873,optitrack_world,0.4622053648868058,-0.16653605885344072,-0.3438748601002056,-0.2601264873780025,0.7154649141636531,0.5970684458140664,0.2528901701892617
1675181191.8875597,2196106,1675181191,890272620,optitrack_world,0.4621398611367607,-0.166169522723422,-0.34656162148348013,-0.2626823029823745,0.7092100267660093,0.6048017920829739,0.24946730833449024
1675181191.897804,2196107,1675181191,900451518,optitrack_world,0.4612575883933329,-0.16708707977139264,-0.34436838220904625,-0.2677570408242488,0.7222711567025948,0.5877081598749591,0.2474462812428728
1675181191.9080112,2196108,1675181191,910627691,optitrack_world,0.4612575883933329,-0.16708707977139264,-0.34436838220904625,-0.2677570408242488,0.7222711567025948,0.5877081598749591,0.2474462812428728
1675181191.918157,2196109,1675181191,920758974,optitrack_world,0.46061235286712654,-0.1672039809016564,-0.34490349046083135,-0.2731181885628507,0.7249931637024968,0.5825955373625875,0.24571082089722837
1675181191.9283142,2196110,1675181191,930888051,optitrack_world,0.46061235286712654,-0.1672039809016564,-0.34490349046083135,-0.2731181885628507,0.7249931637024968,0.5825955373625875,0.24571082089722837
1675181191.9384358,2196111,1675181191,941069932,optitrack_world,0.46037376420360565,-0.16725360351680635,-0.3448904013281882,-0.27723642594465664,0.7274601903494251,0.5780216479099685,0.24460705250187587
1675181191.9485915,2196112,1675181191,951257236,optitrack_world,0.45957452545610333,-0.16747718080053328,-0.3459679541106777,-0.28351703139361484,0.7276287073710703,0.5741232282083406,0.24608347354280222
1675181191.9585977,2196113,1675181191,961362771,optitrack_world,0.45957452545610333,-0.16747718080053328,-0.3459679541106777,-0.28351703139361484,0.7276287073710703,0.5741232282083406,0.24608347354280222
1675181191.9688213,2196114,1675181191,971467593,optitrack_world,0.4579425637623756,-0.16755661965253266,-0.3463227798278113,-0.28776880510513375,0.7307263159098031,0.5655269512819627,0.2518083267467121
1675181191.9790213,2196115,1675181191,981582631,optitrack_world,0.4579425637623756,-0.16755661965253266,-0.3463227798278113,-0.28776880510513375,0.7307263159098031,0.5655269512819627,0.2518083267467121
1675181191.989172,2196116,1675181191,991756080,optitrack_world,0.4576662378117457,-0.1674399196526493,-0.34674794082466337,-0.29437720482858615,0.7298605856815726,0.5626098537898826,0.25321085909649954
1675181191.9992185,2196117,1675181192,1887614,optitrack_world,0.45670018973554244,-0.16782379943966086,-0.3477514025466896,-0.3040016743534678,0.727874979277584,0.5576718080891695,0.2584243622310041
1675181192.0093396,2196118,1675181192,12081346,optitrack_world,0.4558287747452595,-0.1681330742736818,-0.3479797077157314,-0.3152717469884842,0.7272786467170885,0.5515793600594461,0.25967230336830577
1675181192.0194879,2196119,1675181192,22225308,optitrack_world,0.4552352136024263,-0.16805141629631148,-0.34817241137749655,-0.3202628465209008,0.7270946912711147,0.5485370896531949,0.2605227059941131
1675181192.0297494,2196120,1675181192,32413570,optitrack_world,0.45497517074524396,-0.16834182968562678,-0.34843285959872883,-0.3261038220330193,0.725997170015345,0.5461714867211879,0.2613065507750128
1675181192.0398784,2196121,1675181192,42558244,optitrack_world,0.4548882569683779,-0.16923789309475462,-0.3486006535798273,-0.33082299408394744,0.7249606886316164,0.5439687890083227,0.2628423541001788
1675181192.0500739,2196122,1675181192,52696189,optitrack_world,0.4545436305739857,-0.16942355427230157,-0.34876709394703853,-0.33631472653819133,0.7242742152404528,0.5413987303222036,0.2630716264762768
1675181192.0601175,2196123,1675181192,62831293,optitrack_world,0.4540996879044475,-0.16928773377423495,-0.34917648576283067,-0.3416713053165114,0.7232261675264199,0.5387216523322012,0.26454415706422446
1675181192.0703967,2196124,1675181192,73004409,optitrack_world,0.4540996879044475,-0.16928773377423495,-0.34917648576283067,-0.3416713053165114,0.7232261675264199,0.5387216523322012,0.26454415706422446
1675181192.080467,2196125,1675181192,83138924,optitrack_world,0.4530297470618238,-0.16931757331962077,-0.34963249324853574,-0.3495199065454892,0.7238281945810645,0.5314127788697159,0.2674117389194339
1675181192.0905437,2196126,1675181192,93272958,optitrack_world,0.4521825294817773,-0.16905513046283355,-0.35024742966695555,-0.351008402914582,0.7238783218123712,0.5282338468864107,0.2715921193573989
1675181192.100671,2196127,1675181192,103406913,optitrack_world,0.4527029874796793,-0.16985729562736315,-0.34973182746434067,-0.3598458752433224,0.7247181899374309,0.523908514819923,0.26610967540351416
1675181192.110848,2196128,1675181192,113540170,optitrack_world,0.4519298670196936,-0.16948662187598235,-0.35035523904761834,-0.3608578766863613,0.724915526158353,0.5219420438638762,0.26805890325667003
1675181192.121038,2196129,1675181192,123714712,optitrack_world,0.4519298670196936,-0.16948662187598235,-0.35035523904761834,-0.3608578766863613,0.724915526158353,0.5219420438638762,0.26805890325667003
1675181192.131143,2196130,1675181192,133847116,optitrack_world,0.45109799425492775,-0.1692917444250136,-0.3509496394611131,-0.3611046960920817,0.7250931428827184,0.5204798739026206,0.27008153114757627
1675181192.1413548,2196131,1675181192,143980551,optitrack_world,0.4501772484308736,-0.16920210098017255,-0.3514816109985243,-0.36684059426206594,0.7269312312653892,0.5144314652769538,0.2689967117744116
1675181192.1514275,2196132,1675181192,154106982,optitrack_world,0.4501772484308736,-0.16920210098017255,-0.3514816109985243,-0.36684059426206594,0.7269312312653892,0.5144314652769538,0.2689967117744116
1675181192.161587,2196133,1675181192,164250973,optitrack_world,0.44911660872625664,-0.16919838003873547,-0.3522996099872842,-0.37138691495945875,0.7283789079530554,0.5089240842538639,0.26931803191092907
1675181192.1717706,2196134,1675181192,174396086,optitrack_world,0.448816877566642,-0.16922624437684192,-0.3524821094606603,-0.37590123252414925,0.7282125002158718,0.5063476250378522,0.268359647739188
1675181192.1819232,2196135,1675181192,184588517,optitrack_world,0.4479906413130327,-0.16875261371042077,-0.3532837628043104,-0.3770411457181445,0.7278430873210917,0.504755612057056,0.27075115285323825
1675181192.1921875,2196136,1675181192,194778312,optitrack_world,0.4467120636436499,-0.16979023549244968,-0.35402296890432544,-0.3780303410085629,0.7286917340240828,0.5023902158729433,0.2714875485856807
1675181192.2022934,2196137,1675181192,204955750,optitrack_world,0.4457423417028719,-0.169394179328466,-0.35481627044928715,-0.377898350608983,0.7284395333865507,0.5010918491254303,0.27472830496083156
1675181192.2124527,2196138,1675181192,215130826,optitrack_world,0.44533588324103957,-0.16954265107371058,-0.35504151783840987,-0.38113910387002736,0.7282533577085408,0.4987343191620982,0.2750347421278028
1675181192.222628,2196139,1675181192,225264408,optitrack_world,0.4454054413526689,-0.17019666763781094,-0.35447937533541907,-0.38706302541051735,0.7290873135107392,0.49555206175858224,0.27026294182623095
1675181192.2327266,2196140,1675181192,235453575,optitrack_world,0.4437524749004506,-0.1692110496523852,-0.35589448457532086,-0.3842049175300152,0.7284632938423444,0.4949289864052395,0.2770796082103456
1675181192.242849,2196141,1675181192,245595565,optitrack_world,0.4431691048084202,-0.16940451018275993,-0.35583302162016134,-0.3877110070121663,0.729553931292369,0.4903723335366333,0.27742784806017257
1675181192.2531908,2196142,1675181192,255793559,optitrack_world,0.4430540310694415,-0.17023606421570842,-0.35560098850602806,-0.3919498845485193,0.7297444957086601,0.4882587431873955,0.27468465316864843
1675181192.263242,2196143,1675181192,265936252,optitrack_world,0.44223705790329393,-0.16981360648205396,-0.3566436085658525,-0.3927193197532513,0.7283777227657038,0.4876877454889367,0.2782051253501798
1675181192.2733727,2196144,1675181192,276126631,optitrack_world,0.4411840081499203,-0.1696178297631956,-0.3572159731733411,-0.3937060419690011,0.7280466900487863,0.4856564221281674,0.28121416975639224
1675181192.2835364,2196145,1675181192,286271573,optitrack_world,0.4408898879091936,-0.16966538684259463,-0.3572482637563502,-0.3972912413724447,0.7280747812435426,0.4834764700863751,0.27985225623304855
1675181192.2937918,2196146,1675181192,296462718,optitrack_world,0.44055094720854404,-0.17008519093837304,-0.35708838906402685,-0.4007929673147063,0.7285255696219545,0.4813405978358142,0.27735666682656185
1675181192.3039382,2196147,1675181192,306640689,optitrack_world,0.44055094720854404,-0.17008519093837304,-0.35708838906402685,-0.4007929673147063,0.7285255696219545,0.4813405978358142,0.27735666682656185
1675181192.314089,2196148,1675181192,316834126,optitrack_world,0.4389074395816144,-0.17022174652864147,-0.35791305729879114,-0.40161824688947195,0.728622714545515,0.4789606783929904,0.280014985611625
1675181192.324327,2196149,1675181192,326967806,optitrack_world,0.4389074395816144,-0.17022174652864147,-0.35791305729879114,-0.40161824688947195,0.728622714545515,0.4789606783929904,0.280014985611625
1675181192.3344328,2196150,1675181192,337174653,optitrack_world,0.4381227128665823,-0.16992856235018866,-0.35870569865804397,-0.4020031517524209,0.727541766400283,0.478520683539706,0.28300953967838
1675181192.3446746,2196151,1675181192,347360509,optitrack_world,0.43729972082645296,-0.16981295670591565,-0.35924204307809615,-0.40432316628055487,0.7265548070974823,0.47706124287143065,0.28469889364444845
1675181192.3549333,2196152,1675181192,357535404,optitrack_world,0.43729972082645296,-0.16981295670591565,-0.35924204307809615,-0.40432316628055487,0.7265548070974823,0.47706124287143065,0.28469889364444845
1675181192.3650806,2196153,1675181192,367737877,optitrack_world,0.43526906379676883,-0.1700021388373692,-0.36005373400275426,-0.4066425243544555,0.7260945336209212,0.4743817667670078,0.28703749753554003
1675181192.3752036,2196154,1675181192,377886124,optitrack_world,0.43495740739736366,-0.16997992297819117,-0.3593076296140963,-0.40976821880271286,0.7261938073116974,0.4727992019413453,0.28494468888719504
1675181192.385409,2196155,1675181192,388080211,optitrack_world,0.43407075218958807,-0.1694521331144787,-0.36011171819250276,-0.4110053317239933,0.7243774783610568,0.47196341536330677,0.28914083194237666
1675181192.395529,2196156,1675181192,398222372,optitrack_world,0.434435542271595,-0.17082043492583596,-0.35974935408633646,-0.4149630104765084,0.7228135178043787,0.4700525656776491,0.29051145229644837
1675181192.4058113,2196157,1675181192,408414644,optitrack_world,0.432454342465072,-0.16955595638635568,-0.3609069270457775,-0.41442340862235294,0.7219967969988013,0.4697983731739042,0.29370623430982046
1675181192.4160266,2196158,1675181192,418611328,optitrack_world,0.43366743393516954,-0.17126739054693726,-0.35953477547737134,-0.42241428660186053,0.7215644468908392,0.46635728492388373,0.28882832661666347
1675181192.4261346,2196159,1675181192,428809131,optitrack_world,0.4307580951955573,-0.16933329012438114,-0.3619029188383489,-0.41818663367405784,0.7200665233661205,0.4659276369755019,0.29922496293961254
1675181192.436375,2196160,1675181192,439003555,optitrack_world,0.4310166533804766,-0.17082013562624315,-0.36124027636084743,-0.42116458120642525,0.719373302876642,0.4653883505256922,0.29755021398167897
1675181192.446483,2196161,1675181192,449203297,optitrack_world,0.43054861889102103,-0.17068021187911092,-0.3614252581258495,-0.4235437471460028,0.7185960524795768,0.46443836720704096,0.2975355620431782
1675181192.4567401,2196162,1675181192,459411628,optitrack_world,0.42998255085719683,-0.1707544954008607,-0.3620798141204373,-0.42573899469798215,0.7172190184961629,0.46313947125667865,0.29974158547828583
1675181192.4669268,2196163,1675181192,469611453,optitrack_world,0.4287636112345213,-0.17012324103892787,-0.36282434330317004,-0.4249922532439923,0.7162950190978141,0.46370646538519,0.30212471639743405
1675181192.4772089,2196164,1675181192,479803761,optitrack_world,0.4270739542473334,-0.16992433597642617,-0.36320481834358137,-0.42576070637506575,0.7170761857785732,0.4622686215499159,0.3013922464606527
1675181192.4872737,2196165,1675181192,489948622,optitrack_world,0.42656078892910687,-0.17039647344940456,-0.3632202205280627,-0.4259100049453515,0.7170025205616531,0.4599899888883245,0.3048233313219412
1675181192.4974995,2196166,1675181192,500145781,optitrack_world,0.4257519688151132,-0.16985880165763095,-0.36442834663272633,-0.4280733801232533,0.7140049299950779,0.46061878571775006,0.3078643782844683
1675181192.507613,2196167,1675181192,510273231,optitrack_world,0.4257519688151132,-0.16985880165763095,-0.36442834663272633,-0.4280733801232533,0.7140049299950779,0.46061878571775006,0.3078643782844683
1675181192.5178115,2196168,1675181192,520466514,optitrack_world,0.4231896348516956,-0.16952503104333405,-0.36582099269216317,-0.4322706247630364,0.7116587975114789,0.45841228423812164,0.31071215063315066
1675181192.5279934,2196169,1675181192,530660648,optitrack_world,0.4222301244214396,-0.16946961782403236,-0.3667400117629537,-0.43292607490291424,0.70895065926838,0.45940754845636655,0.314497505257827
1675181192.5381749,2196170,1675181192,540844859,optitrack_world,0.4222301244214396,-0.16946961782403236,-0.3667400117629537,-0.43292607490291424,0.70895065926838,0.45940754845636655,0.314497505257827
1675181192.5483966,2196171,1675181192,551041483,optitrack_world,0.4204889067937756,-0.17035491252819873,-0.3665842830278331,-0.44248793370114325,0.710744326803204,0.44827003437123303,0.3132106427482415
1675181192.5585551,2196172,1675181192,561225307,optitrack_world,0.4204889067937756,-0.17035491252819873,-0.3665842830278331,-0.44248793370114325,0.710744326803204,0.44827003437123303,0.3132106427482415
1675181192.5688143,2196173,1675181192,571455919,optitrack_world,0.41877823251215496,-0.1694059329204417,-0.3685544843558465,-0.43662252574814886,0.707408572569153,0.4546739802521582,0.3196958760238245
1675181192.579036,2196174,1675181192,581661959,optitrack_world,0.4192279427791258,-0.17065210590695887,-0.36747763995862054,-0.4445673469527831,0.7088182489083323,0.4490546329228392,0.3135067793340732
1675181192.5890553,2196175,1675181192,591815397,optitrack_world,0.4149179237365704,-0.16927542641948995,-0.369893697233882,-0.4378282346306326,0.7105538412724238,0.44684666816545926,0.32209894560934954
1675181192.5992985,2196176,1675181192,602019452,optitrack_world,0.41364702116211177,-0.17024416516844354,-0.37035178097452126,-0.4458291129193316,0.7121363089846725,0.44215092250766774,0.31400770886216706
1675181192.6094992,2196177,1675181192,612225063,optitrack_world,0.4114781691252184,-0.16922467320750417,-0.37199214179651935,-0.43921776419598463,0.7112471379780322,0.44611449927393326,0.319682839499255
1675181192.6196609,2196178,1675181192,622416364,optitrack_world,0.41088691572468916,-0.1709646735876154,-0.37144016467379554,-0.44352854177190704,0.7127696138393468,0.44159137734938014,0.31660537846295583
1675181192.6299093,2196179,1675181192,632608328,optitrack_world,0.40863114306456166,-0.16938626229790427,-0.3736574866324625,-0.43939925694801785,0.712009350052905,0.44389300675995336,0.3208270203402101
1675181192.640115,2196180,1675181192,642799360,optitrack_world,0.4085178714821594,-0.1709811178676004,-0.3727454141894003,-0.4463235751639642,0.7137766264080665,0.43927072736093464,0.31362305707675936
1675181192.650074,2196181,1675181192,652938613,optitrack_world,0.40683932077364227,-0.17092274314230965,-0.3738581929765945,-0.4464308080744194,0.7125098506217226,0.4384108104862943,0.3175298531127144
1675181192.660373,2196182,1675181192,663164122,optitrack_world,0.4039588011319328,-0.16941157612016222,-0.3757530627329041,-0.4413866983136442,0.713254007616711,0.438230618455099,0.3231105510795682
1675181192.6706648,2196183,1675181192,673303609,optitrack_world,0.4029092711201418,-0.16985056634793522,-0.37658104855866725,-0.44392454080494576,0.7111978448222289,0.4389143605186843,0.32323801094829363
1675181192.6806922,2196184,1675181192,683514903,optitrack_world,0.4009408982793375,-0.16925716672630498,-0.37772597948518954,-0.4429470853263845,0.7117093759738538,0.4372645035458982,0.32567990065481084
1675181192.6908143,2196185,1675181192,693646194,optitrack_world,0.40125395828788857,-0.17065180468402907,-0.37686017139804284,-0.45176608522886513,0.711926188974965,0.43193397633741154,0.3201586259558232
1675181192.7009988,2196186,1675181192,703753605,optitrack_world,0.40125395828788857,-0.17065180468402907,-0.37686017139804284,-0.45176608522886513,0.711926188974965,0.43193397633741154,0.3201586259558232
1675181192.7112427,2196187,1675181192,713936866,optitrack_world,0.39667577524353237,-0.1692579867838938,-0.3797990350539557,-0.44508434169638017,0.7118063670721697,0.43452536104328526,0.3262197651621101
1675181192.721396,2196188,1675181192,724130207,optitrack_world,0.39698484156410624,-0.17087908055795703,-0.37859236976240007,-0.45398065346949623,0.7131295770729086,0.42883141720485246,0.3185143453555923
1675181192.731594,2196189,1675181192,734343872,optitrack_world,0.39698484156410624,-0.17087908055795703,-0.37859236976240007,-0.45398065346949623,0.7131295770729086,0.42883141720485246,0.3185143453555923
1675181192.741803,2196190,1675181192,744515865,optitrack_world,0.3922211423472282,-0.16882414264733636,-0.3820824510230243,-0.448131260436119,0.712118950037605,0.43196586243897406,0.3247621716035101
1675181192.7519007,2196191,1675181192,754632135,optitrack_world,0.3922211423472282,-0.16882414264733636,-0.3820824510230243,-0.448131260436119,0.712118950037605,0.43196586243897406,0.3247621716035101
1675181192.7620778,2196192,1675181192,764810313,optitrack_world,0.39298763945232246,-0.1709505359800095,-0.37998894662417154,-0.4586190521567656,0.7126785410741732,0.4266128503849517,0.31584701673063914
1675181192.7722585,2196193,1675181192,774986581,optitrack_world,0.39045804393875283,-0.16932190358726523,-0.38393668736816483,-0.4540167666216549,0.7058987001737654,0.43425300550860507,0.32710874021668945
1675181192.7825127,2196194,1675181192,785267355,optitrack_world,0.3884081088042615,-0.16910573184842687,-0.38479386902159274,-0.4564601824425698,0.70531410349107,0.4315054764588904,0.3286017970843587
1675181192.792635,2196195,1675181192,795439890,optitrack_world,0.3859660855291381,-0.16915402316312703,-0.3856934748671819,-0.4645208956284405,0.701288970973851,0.4269247618264194,0.33188757803576147
1675181192.802724,2196196,1675181192,805543619,optitrack_world,0.38472980561045794,-0.16881493402741507,-0.3869163825985389,-0.46632184179633807,0.6973831414835026,0.4285515904870148,0.33547612154864653
1675181192.8128097,2196197,1675181192,815684659,optitrack_world,0.3837927177526933,-0.16869497179314602,-0.388441113003122,-0.46755140992611394,0.6928703551880987,0.43263094941034014,0.3378709984445672
1675181192.8230646,2196198,1675181192,825793202,optitrack_world,0.38072084592472116,-0.16901135447239551,-0.3876088322585817,-0.4659839418575842,0.6991901654749458,0.42380863817897463,0.3381986348861692
1675181192.8333383,2196199,1675181192,835969649,optitrack_world,0.38116332543900733,-0.16864428667454454,-0.38920610572801606,-0.4715036892501117,0.6905983233568359,0.4301351151424141,0.34020877343431855
1675181192.8433754,2196200,1675181192,846113119,optitrack_world,0.3802088634824124,-0.16872276065208544,-0.38998709439933305,-0.47406111104230214,0.6871213676864869,0.43115682802831534,0.3423946242430676
1675181192.8536475,2196201,1675181192,856305331,optitrack_world,0.37778533276981735,-0.16883577111670112,-0.38983175013204424,-0.4728947726549298,0.690501614003618,0.4266397876087417,0.3428652019135341
1675181192.8637056,2196202,1675181192,866445009,optitrack_world,0.3778607197845307,-0.16873151961290933,-0.390927566366773,-0.47862991030765295,0.6833217921083096,0.4285214034962197,0.3469209479613567
1675181192.8739703,2196203,1675181192,876620590,optitrack_world,0.37573389955973896,-0.16863942873763033,-0.3913595869325202,-0.4768460356071685,0.6843621712560308,0.42776030503955675,0.3482634036357017
1675181192.8840237,2196204,1675181192,886741519,optitrack_world,0.37515372498707256,-0.16874817824712618,-0.3915176791491047,-0.4815832943348047,0.6815235231680018,0.4261569051948351,0.3492756936018756
1675181192.8942614,2196205,1675181192,896935185,optitrack_world,0.37449574688345116,-0.16859070540096388,-0.39215995224735595,-0.48489047709949673,0.6779111922033932,0.42550593481707255,0.3525086383892536
1675181192.9044611,2196206,1675181192,907111705,optitrack_world,0.37449574688345116,-0.16859070540096388,-0.39215995224735595,-0.48489047709949673,0.6779111922033932,0.42550593481707255,0.3525086383892536
1675181192.9145582,2196207,1675181192,917290567,optitrack_world,0.37261293453963157,-0.16858217434326722,-0.39313850132847006,-0.4884990705057048,0.6726182099061884,0.42559225214010465,0.3575257147898187
1675181192.9248881,2196208,1675181192,927470810,optitrack_world,0.3722502151798895,-0.16859846652830363,-0.39340514353147976,-0.4929512233690738,0.6689575901707085,0.42513218748097537,0.3588278934246511
1675181192.934997,2196209,1675181192,937607777,optitrack_world,0.37173588008756847,-0.1683886142136635,-0.3942972894654305,-0.49478292989729483,0.6642986076387498,0.4269155370651963,0.36282273410551613
1675181192.9450896,2196210,1675181192,947782611,optitrack_world,0.3717618133350665,-0.16869979687761624,-0.3940997597097821,-0.5010215855269321,0.6606067019514591,0.4237454723139326,0.3647134914783622
1675181192.9552066,2196211,1675181192,957897850,optitrack_world,0.3717618133350665,-0.16869979687761624,-0.3940997597097821,-0.5010215855269321,0.6606067019514591,0.4237454723139326,0.3647134914783622
1675181192.9654362,2196212,1675181192,968056002,optitrack_world,0.3699710506375276,-0.1684111532701034,-0.3948826936735667,-0.5030049584799017,0.6569826454466968,0.42387006624756507,0.3683666410870792
1675181192.9754276,2196213,1675181192,978186031,optitrack_world,0.3700515723070261,-0.16850915470746966,-0.3951904693045019,-0.5063516821368567,0.6536300534399898,0.42496925481559744,0.3684791170455766
1675181192.985679,2196214,1675181192,988369360,optitrack_world,0.3700515723070261,-0.16850915470746966,-0.3951904693045019,-0.5063516821368567,0.6536300534399898,0.42496925481559744,0.3684791170455766
1675181192.9957893,2196215,1675181192,998489770,optitrack_world,0.36943207226035557,-0.16848958348621892,-0.3953190876069397,-0.5102052867492833,0.6503146962576024,0.4241199386659479,0.37000491730577917
1675181193.0058947,2196216,1675181193,8591232,optitrack_world,0.3691579005641646,-0.16843791094930038,-0.39560031437597065,-0.5109523459048496,0.6489331621636668,0.42464855138727126,0.3707924743886897
1675181193.016082,2196217,1675181193,18776385,optitrack_world,0.3689440873213178,-0.16851023173314036,-0.3955599784622681,-0.5120233689007133,0.6487040154105691,0.4237219589145356,0.3707760397104926
1675181193.0263298,2196218,1675181193,28954805,optitrack_world,0.3690219691106209,-0.16847176349938803,-0.39569282883472345,-0.5132077314071414,0.6471838851310923,0.4237202497973666,0.3717956335975693
1675181193.036388,2196219,1675181193,39082852,optitrack_world,0.3687674240454908,-0.16844987326590277,-0.3956865955414729,-0.5133961203537705,0.6471833239471478,0.423714609568724,0.3715428621955236
1675181193.0464857,2196220,1675181193,49227705,optitrack_world,0.36835240727444934,-0.16836531924012377,-0.395934384640154,-0.5127847931402562,0.6468882557534775,0.42436466970069237,0.3721585248279966
1675181193.0567884,2196221,1675181193,59402531,optitrack_world,0.3674735666097774,-0.16857049095157686,-0.39598390496855423,-0.5109560002487674,0.6488000688413472,0.4247823800257968,0.37086704639380436
1675181193.0669022,2196222,1675181193,69575636,optitrack_world,0.3672271807373812,-0.16848762992869304,-0.39619597907405985,-0.5116780352122724,0.647561214004376,0.4246834956703036,0.37214780787173596
1675181193.0770729,2196223,1675181193,79751290,optitrack_world,0.3668755570890472,-0.16831242031991553,-0.39640940172323036,-0.5122080698832173,0.6462876978166735,0.4246601959439134,0.37365602200180115
1675181193.087224,2196224,1675181193,89927707,optitrack_world,0.36688354613096186,-0.16826032442368388,-0.3967428275021469,-0.5134513551967427,0.644234478636736,0.4254067904937796,0.3746447717292515
1675181193.0975063,2196225,1675181193,100111620,optitrack_world,0.3667678443431548,-0.16827891132543132,-0.3967505314916614,-0.5143819629363422,0.6437244114000347,0.42478563011185244,0.3749496590529331
1675181193.1075978,2196226,1675181193,110241376,optitrack_world,0.3667678443431548,-0.16827891132543132,-0.3967505314916614,-0.5143819629363422,0.6437244114000347,0.42478563011185244,0.3749496590529331
1675181193.1177986,2196227,1675181193,120421093,optitrack_world,0.36647414157677466,-0.16832371389274048,-0.39683836214097484,-0.5142452579393044,0.6441881537134916,0.42421131074342605,0.3749909347430753
1675181193.1278875,2196228,1675181193,130594669,optitrack_world,0.3662026199641124,-0.16834540186796737,-0.39692379195352084,-0.513308665439547,0.6451060976628482,0.424213303599906,0.37469375467404953
1675181193.1382134,2196229,1675181193,140776976,optitrack_world,0.365976126406978,-0.16845663294287969,-0.3969661584264747,-0.512486203601304,0.6462551335092569,0.42422644668696546,0.3738236421932228
1675181193.1483002,2196230,1675181193,150953512,optitrack_world,0.3657477465179071,-0.16843433796224855,-0.3970709691148958,-0.5117786781261652,0.6470196157207214,0.4242715574723784,0.37341913047942166
1675181193.1584115,2196231,1675181193,161152303,optitrack_world,0.3654377242999659,-0.1684341136684253,-0.3971741852736457,-0.5112611237778237,0.6478855089989648,0.4236643157674764,0.37331619049790105
1675181193.1685407,2196232,1675181193,171335576,optitrack_world,0.3650974326404809,-0.16847855308315637,-0.3973747408942527,-0.5105067297627438,0.6485077086784058,0.42325259711269375,0.37373502603983033
1675181193.17878,2196233,1675181193,181525806,optitrack_world,0.3649955249772835,-0.1684623276664962,-0.3976870837280149,-0.5105706172170659,0.6481658739265727,0.4238796456210929,0.37353003994287154
1675181193.1888976,2196234,1675181193,191650406,optitrack_world,0.3645486030814064,-0.16842403135963152,-0.39791619363956454,-0.5098686598599521,0.6486043738304276,0.42337887490048987,0.3742948626800142
1675181193.1990068,2196235,1675181193,201758236,optitrack_world,0.3645130559628682,-0.16831405110289566,-0.39831372261749964,-0.5104113546494625,0.6473166609428987,0.4232618834810797,0.3759132446491954
1675181193.2091522,2196236,1675181193,211900429,optitrack_world,0.3638510791323378,-0.16835538084683765,-0.3983977482526618,-0.509340663590259,0.6490307969905961,0.4215494673971672,0.37633384050381524
1675181193.2193458,2196237,1675181193,222033948,optitrack_world,0.3625027599246854,-0.1684633864517595,-0.3987880432309995,-0.5058790480389613,0.6529104550576651,0.42095233400788096,0.3749579428748033
1675181193.2294202,2196238,1675181193,232213178,optitrack_world,0.36208935794319114,-0.1684096196197844,-0.39898383550758776,-0.5049530400419221,0.6538339818320398,0.42076481206156674,0.3748073164772473
1675181193.2395751,2196239,1675181193,242341433,optitrack_world,0.3618663871666503,-0.16833075472831632,-0.3992497176958095,-0.5042208333790292,0.6543305980602471,0.42121298189762535,0.3744228138209361
1675181193.2498207,2196240,1675181193,252487405,optitrack_world,0.3617592004477532,-0.1683249339116194,-0.3993779080908569,-0.5042814398947015,0.6548823742558165,0.4212651033085904,0.3733162439557027
1675181193.2599719,2196241,1675181193,262679795,optitrack_world,0.3615281268402859,-0.16843858801475275,-0.39932464530381084,-0.504215930100282,0.6561796138445253,0.42058992142889584,0.371885369704688
1675181193.2702022,2196242,1675181193,272872227,optitrack_world,0.3612227218320725,-0.16854285175221417,-0.3993269486663939,-0.5033884353895736,0.6577600146724859,0.4200581349500849,0.3708139823096543
1675181193.2803485,2196243,1675181193,283065685,optitrack_world,0.3608999962102645,-0.16861707715656526,-0.39935077105984695,-0.5022228205554289,0.6594844535997522,0.4194451151487524,0.3700247145143628
1675181193.2904873,2196244,1675181193,293250884,optitrack_world,0.36050251786736887,-0.16865103395235428,-0.3995681512512004,-0.5003252356890938,0.6610216658145589,0.4195321064874334,0.3697537389704333
1675181193.3008473,2196245,1675181193,303467235,optitrack_world,0.36050251786736887,-0.16865103395235428,-0.3995681512512004,-0.5003252356890938,0.6610216658145589,0.4195321064874334,0.3697537389704333
1675181193.3109474,2196246,1675181193,313619425,optitrack_world,0.35981778717532875,-0.16867495835153118,-0.40003489310848617,-0.49745952021543827,0.6631420141548573,0.42041615752259226,0.3688183147616233
1675181193.3211215,2196247,1675181193,323808169,optitrack_world,0.35949508349966797,-0.16873850864599738,-0.40018950875071707,-0.4968882859326441,0.6636533425568876,0.42057358662392996,0.3684889828071837
1675181193.331244,2196248,1675181193,333939912,optitrack_world,0.35949508349966797,-0.16873850864599738,-0.40018950875071707,-0.4968882859326441,0.6636533425568876,0.42057358662392996,0.3684889828071837
1675181193.341521,2196249,1675181193,344111889,optitrack_world,0.35918795256080854,-0.1685053272112792,-0.40082376201470327,-0.4979034209952812,0.6610804831870085,0.4214007910973809,0.37079125039964056
1675181193.3515484,2196250,1675181193,354223947,optitrack_world,0.35918795256080854,-0.1685053272112792,-0.40082376201470327,-0.4979034209952812,0.6610804831870085,0.4214007910973809,0.37079125039964056
1675181193.3616428,2196251,1675181193,364355335,optitrack_world,0.35952425406544347,-0.16934557934424316,-0.3990355509772399,-0.5063959614663107,0.6616605052712217,0.4179632189620279,0.36204316534046366
1675181193.3718102,2196252,1675181193,374492543,optitrack_world,0.35700461412580753,-0.16894212420961124,-0.4008249125421422,-0.49736743370444125,0.663513446690817,0.4170290745909359,0.3721052175078416
1675181193.3821235,2196253,1675181193,384678913,optitrack_world,0.35704014764319036,-0.16890352000889203,-0.4010612342150433,-0.4993111265427164,0.6616047903948586,0.41769760555606056,0.37215079007030505
1675181193.3922393,2196254,1675181193,394864120,optitrack_world,0.35702853345285435,-0.1688387816924195,-0.4013637483248277,-0.5002274578101013,0.6600965810965246,0.41891925797103924,0.37222526698024755
1675181193.402391,2196255,1675181193,405003327,optitrack_world,0.35702450815532416,-0.1687909506490274,-0.4014554602249716,-0.5013797631965511,0.6592534354468441,0.4183773727266828,0.37277823823128725
1675181193.4125433,2196256,1675181193,415186886,optitrack_world,0.356834878710683,-0.16879322783769973,-0.40146015893087483,-0.5017646657162472,0.6594602332562111,0.4179803138056299,0.3723397350045704
1675181193.4226527,2196257,1675181193,425312057,optitrack_world,0.3566599919688836,-0.16877590803052023,-0.40168702421794955,-0.5011586491330263,0.6594946830021492,0.41863167696436043,0.372363116504659
1675181193.4328,2196258,1675181193,435488820,optitrack_world,0.3563208206276696,-0.16868511396605462,-0.40182203896489427,-0.5001675150874048,0.6601510600744426,0.41888525401412036,0.37224746970719125
1675181193.4429843,2196259,1675181193,445635975,optitrack_world,0.35607967878333036,-0.16867332731376009,-0.4019588231460415,-0.4994208416699378,0.6607118013117116,0.4192629891398223,0.37182964439466837
1675181193.4531744,2196260,1675181193,455824224,optitrack_world,0.3558199035177263,-0.16867178620931458,-0.40204120360189244,-0.49875669789454036,0.6613223155188603,0.4193547544929505,0.37153215363715747
1675181193.463315,2196261,1675181193,465965768,optitrack_world,0.3554488025202586,-0.16868399443566373,-0.40224541886612103,-0.49770919625616583,0.6619389054908918,0.4194401184404883,0.37174242211804487
1675181193.4734783,2196262,1675181193,476225748,optitrack_world,0.35517024954384213,-0.16872667962856597,-0.40236235304967743,-0.49733360243110936,0.6623368464005822,0.4194199516881853,0.3715590046263274
1675181193.4836702,2196263,1675181193,486373295,optitrack_world,0.3550589461215821,-0.1687975134703084,-0.40244686009533087,-0.4979493389729085,0.6622897403567312,0.4190992045133708,0.3711800269558113
1675181193.4939144,2196264,1675181193,496566121,optitrack_world,0.3545727714781248,-0.16862098827107022,-0.4029924197958344,-0.4969511065079748,0.661654376682258,0.419618620006975,0.37305937503453007
1675181193.5041425,2196265,1675181193,506747660,optitrack_world,0.3545727714781248,-0.16862098827107022,-0.4029924197958344,-0.4969511065079748,0.661654376682258,0.419618620006975,0.37305937503453007
1675181193.5141973,2196266,1675181193,516942628,optitrack_world,0.3538896478038809,-0.1686490087212487,-0.40334801050867997,-0.49788483576084663,0.6611980557110053,0.42009539335815665,0.37208558413708626
1675181193.5244317,2196267,1675181193,527140255,optitrack_world,0.3536024164832005,-0.16853413791237717,-0.4035952158650403,-0.4980390595520411,0.6606125616979425,0.42010691939224515,0.37290523563790073
1675181193.5345452,2196268,1675181193,537266686,optitrack_world,0.3536024164832005,-0.16853413791237717,-0.4035952158650403,-0.4980390595520411,0.6606125616979425,0.42010691939224515,0.37290523563790073
1675181193.5448031,2196269,1675181193,547459049,optitrack_world,0.3530899804159156,-0.16861623287831662,-0.40381049742850006,-0.49809558002032467,0.6606864366409603,0.41945091447093824,0.3734369504379293
1675181193.5549645,2196270,1675181193,557590029,optitrack_world,0.3530899804159156,-0.16861623287831662,-0.40381049742850006,-0.49809558002032467,0.6606864366409603,0.41945091447093824,0.3734369504379293
1675181193.5651402,2196271,1675181193,567786267,optitrack_world,0.3529137888989469,-0.16868747175527482,-0.4038407757017875,-0.4982049489996779,0.6609021346512028,0.4193063148472717,0.37307159036157184
1675181193.575406,2196272,1675181193,577979897,optitrack_world,0.352811426976373,-0.16873146209757195,-0.40382524294611094,-0.49839657229040946,0.6612499071536976,0.41912826969262157,0.37239885950800933
1675181193.5854046,2196273,1675181193,588123152,optitrack_world,0.3526800728543392,-0.16886244235094588,-0.4038846759429203,-0.49816355670578955,0.6622063325459367,0.41886772972805486,0.37130266481505786
1675181193.5956402,2196274,1675181193,598314541,optitrack_world,0.3525197410231288,-0.16884275603422533,-0.40395040988256453,-0.4973501189465961,0.6629129480108198,0.41880465228177527,0.37120337521438584
1675181193.6059015,2196275,1675181193,608518194,optitrack_world,0.35235160808394306,-0.16874880331596276,-0.40393767889686993,-0.49678602166430474,0.6638268457415027,0.41818243626657614,0.37102697684938074
1675181193.6160264,2196276,1675181193,618720738,optitrack_world,0.35227340305327154,-0.168733806938786,-0.4039854991027847,-0.49646070219486027,0.6641275220162474,0.4182358816164118,0.3708640627039615
1675181193.6261308,2196277,1675181193,628868054,optitrack_world,0.35217453579519414,-0.16871733276361917,-0.4040837869019633,-0.4962751028784691,0.6641827281349569,0.41823454971249213,0.37101507696717645
1675181193.6364233,2196278,1675181193,639088109,optitrack_world,0.3521527801685741,-0.1688697889878014,-0.40400931368053167,-0.497035246509862,0.6641289243302445,0.4176940323959924,0.3707026178699157
1675181193.6465893,2196279,1675181193,649317988,optitrack_world,0.35215907684492515,-0.1687755250741679,-0.40428746469554294,-0.4975990154478931,0.6631117294228065,0.4183076455475632,0.37107515115355855
1675181193.6568263,2196280,1675181193,659513168,optitrack_world,0.35213767317493605,-0.16877615051606093,-0.40444148001756475,-0.4986626019403369,0.6622534796881181,0.4180377115099397,0.3714840640224087
1675181193.667028,2196281,1675181193,669704826,optitrack_world,0.35209675594362827,-0.1688257929793279,-0.40450658851010757,-0.4997360398903197,0.6617042077006399,0.4170757832207414,0.3721010924423823
1675181193.677245,2196282,1675181193,679893629,optitrack_world,0.3519891334026839,-0.16885679942579182,-0.40458796630394156,-0.500232061427356,0.6614662031926429,0.4161521430078891,0.37289105731297545
1675181193.6872463,2196283,1675181193,690034281,optitrack_world,0.3517855593575939,-0.16878558991272175,-0.4046820761930101,-0.500454618287968,0.661427563670414,0.4150525460241195,0.37388519239221146
1675181193.6974685,2196284,1675181193,700206092,optitrack_world,0.3517189705036472,-0.16877424486421838,-0.40469370989466535,-0.500831161865594,0.6616726012411261,0.414207468803648,0.37388459296745
1675181193.7075567,2196285,1675181193,710338395,optitrack_world,0.3517189705036472,-0.16877424486421838,-0.40469370989466535,-0.500831161865594,0.6616726012411261,0.414207468803648,0.37388459296745
1675181193.7177086,2196286,1675181193,720478422,optitrack_world,0.35163892067803687,-0.16870605244924058,-0.4049073776734604,-0.5009154502487966,0.6618769419707751,0.41307314622710933,0.37466411791829995
1675181193.728005,2196287,1675181193,730667432,optitrack_world,0.35182125545474635,-0.16880271031059052,-0.40491848359835897,-0.5016589257542314,0.6617924738846018,0.41256612417252836,0.37437713192189925
1675181193.7382293,2196288,1675181193,740847575,optitrack_world,0.35182125545474635,-0.16880271031059052,-0.40491848359835897,-0.5016589257542314,0.6617924738846018,0.41256612417252836,0.37437713192189925
1675181193.7483847,2196289,1675181193,751045488,optitrack_world,0.35183620150970984,-0.16871343670660677,-0.404900384310511,-0.5018665522310591,0.6624107749530156,0.41143188972317973,0.3742535625704427
1675181193.7585967,2196290,1675181193,761243220,optitrack_world,0.35183620150970984,-0.16871343670660677,-0.404900384310511,-0.5018665522310591,0.6624107749530156,0.41143188972317973,0.3742535625704427
1675181193.7686722,2196291,1675181193,771381468,optitrack_world,0.35189154723974914,-0.16871712152266322,-0.4049049937596046,-0.5020014737215903,0.6625805818540826,0.41126698698417086,0.37395314993755385
1675181193.7789493,2196292,1675181193,781603005,optitrack_world,0.3519399065731063,-0.16871849105513223,-0.404925848585322,-0.5024472120353536,0.6624964941332369,0.410856634056471,0.37395457027673507
1675181193.7891312,2196293,1675181193,791742784,optitrack_world,0.35190495950830813,-0.16871416446052667,-0.4048989079931323,-0.5029873784830223,0.6622813077160398,0.4101294572422287,0.37440752508316927
1675181193.799074,2196294,1675181193,801857596,optitrack_world,0.35187658717932296,-0.1686949793350355,-0.4048848019142965,-0.5037261474329559,0.6618563239488916,0.4096072144496112,0.3747373809910643
1675181193.8092782,2196295,1675181193,812042379,optitrack_world,0.3517776606453027,-0.16867816667620397,-0.4049224715305895,-0.5042924185027321,0.6613509093257767,0.408948922939136,0.3755860884025849
1675181193.8193982,2196296,1675181193,822185187,optitrack_world,0.35176538241731675,-0.16890521115907478,-0.4045248091840643,-0.5075197175557496,0.6607211239179019,0.406017754861466,0.37552751621958563
1675181193.8296108,2196297,1675181193,832377797,optitrack_world,0.3517625000079292,-0.16894173387179423,-0.40446565598161854,-0.5084324067399806,0.6603802604933432,0.4050874993409593,0.37589695024703734
1675181193.8397632,2196298,1675181193,842521711,optitrack_world,0.3516778138575037,-0.16894206834705422,-0.40452700471461855,-0.5085903855969295,0.6602103113232939,0.4045113932412392,0.37660150987323127
1675181193.849856,2196299,1675181193,852672377,optitrack_world,0.3516124739900525,-0.16892769889844955,-0.4045034970076089,-0.5082104339173096,0.6607216961164668,0.4042081796479278,0.37654314844950726
1675181193.8603053,2196300,1675181193,862884463,optitrack_world,0.35154090931382825,-0.16892462214579054,-0.4045589851799918,-0.5075968686978618,0.6611947899120908,0.404245971491637,0.37649975194416047
1675181193.8703108,2196301,1675181193,873068094,optitrack_world,0.3514732550909829,-0.16891040395955892,-0.40463212876207094,-0.5069062774193847,0.6617550421237473,0.4045780580622529,0.3760889323965752
1675181193.8804896,2196302,1675181193,883283810,optitrack_world,0.35130699700257106,-0.1689111734888911,-0.4047187628922615,-0.5060474692579118,0.6624076465371452,0.4043895072245333,0.37629934243030855
1675181193.8908703,2196303,1675181193,893424980,optitrack_world,0.3511830834389847,-0.1689287402052906,-0.40470892803030434,-0.5058391646112269,0.6629967076129545,0.40392545862443624,0.37604032910691554
1675181193.9008162,2196304,1675181193,903553259,optitrack_world,0.3511830834389847,-0.1689287402052906,-0.40470892803030434,-0.5058391646112269,0.6629967076129545,0.40392545862443624,0.37604032910691554
1675181193.9109344,2196305,1675181193,913670467,optitrack_world,0.35080015482429877,-0.16889050956028967,-0.4048700003843515,-0.5054828906595915,0.6635121746117378,0.40327099169085967,0.3763125677586342
1675181193.9212008,2196306,1675181193,923852951,optitrack_world,0.35061500067317863,-0.16887150300544945,-0.40486870186172863,-0.5058638791499692,0.663575463157547,0.40244198870578657,0.3765764015350989
1675181193.931289,2196307,1675181193,933999955,optitrack_world,0.35061500067317863,-0.16887150300544945,-0.40486870186172863,-0.5058638791499692,0.663575463157547,0.40244198870578657,0.3765764015350989
1675181193.9414096,2196308,1675181193,944184433,optitrack_world,0.3502268914050086,-0.16883040423757661,-0.40514855216784273,-0.5062093104911931,0.6630773092228602,0.4016694083169733,0.3778125228047568
1675181193.9516737,2196309,1675181193,954276743,optitrack_world,0.3502268914050086,-0.16883040423757661,-0.40514855216784273,-0.5062093104911931,0.6630773092228602,0.4016694083169733,0.3778125228047568
1675181193.9617233,2196310,1675181193,964439259,optitrack_world,0.3500066553488353,-0.16876792750614372,-0.40542810146990377,-0.5063628999526476,0.662591737288926,0.4012495197425876,0.3789031883401494
1675181193.9718606,2196311,1675181193,974621671,optitrack_world,0.3497322940872114,-0.16866799580362263,-0.4056247678668969,-0.5054073029280041,0.6629847740708014,0.40135864082193046,0.37937565675053775
1675181193.982113,2196312,1675181193,984796241,optitrack_world,0.34972687769863064,-0.1687606503827168,-0.4055517697852571,-0.5056861342699936,0.6635789615590336,0.40101729251750345,0.37832476324612385
1675181193.9922388,2196313,1675181193,994988115,optitrack_world,0.3495356119788639,-0.16881242611027558,-0.40556848710395693,-0.5052640436524539,0.6642459419148674,0.40043070500791644,0.37833956352523435
1675181194.0025318,2196314,1675181194,5146198,optitrack_world,0.3492533824925481,-0.16872273583002095,-0.40575228923629597,-0.5043943725839722,0.664680745470899,0.40029294417187494,0.3788817524664965
1675181194.0126162,2196315,1675181194,15348604,optitrack_world,0.3491207574138365,-0.16874090787617335,-0.4058554089955162,-0.5042339867439659,0.6648696545532456,0.40036762701962175,0.378684819211453
1675181194.0227547,2196316,1675181194,25513550,optitrack_world,0.3488642778327688,-0.1686392031801589,-0.4060764432387322,-0.503711451500103,0.6647905788663999,0.4004628801194765,0.3794176347042269
1675181194.0329208,2196317,1675181194,35642232,optitrack_world,0.34870867340271217,-0.16863905357414538,-0.40613126084445506,-0.5039075547336047,0.6649126324691907,0.39994641485851307,0.3794881193227428
1675181194.0430596,2196318,1675181194,45812782,optitrack_world,0.34856951504813777,-0.16869000074889234,-0.4061483190986899,-0.5043691101102876,0.6648998309269016,0.39950558162655625,0.37936170846457495
1675181194.0533266,2196319,1675181194,55985691,optitrack_world,0.34844533473908135,-0.16873552829325156,-0.40629013957504834,-0.5048097198963867,0.6644033876478617,0.3994567053167588,0.3796967550001673
1675181194.0634103,2196320,1675181194,66156256,optitrack_world,0.34824890623197857,-0.16870279635055618,-0.40635218826749375,-0.505396811301401,0.6641574761925174,0.39889075390858014,0.3799408853890379
1675181194.0735798,2196321,1675181194,76328593,optitrack_world,0.3480727498967651,-0.16862332343336656,-0.40651688222008936,-0.505874914502469,0.6636931794927885,0.3988602304289411,0.3801479329866794
1675181194.0837886,2196322,1675181194,86495251,optitrack_world,0.3480727498967651,-0.16862332343336656,-0.40651688222008936,-0.505874914502469,0.6636931794927885,0.3988602304289411,0.3801479329866794
1675181194.0939476,2196323,1675181194,96649483,optitrack_world,0.34792537933048556,-0.16865666612159325,-0.40666631746032633,-0.50753293017294,0.6625745509757144,0.39847613743267934,0.3802920681346543
1675181194.104064,2196324,1675181194,106820996,optitrack_world,0.34792537933048556,-0.16865666612159325,-0.40666631746032633,-0.50753293017294,0.6625745509757144,0.39847613743267934,0.3802920681346543
1675181194.1143465,2196325,1675181194,116994613,optitrack_world,0.3475342864721283,-0.16858273164617088,-0.4069258748127862,-0.5077006536817191,0.6619453356925322,0.39857724673683675,0.38105720986452785
1675181194.1244512,2196326,1675181194,127177069,optitrack_world,0.34738293619644267,-0.16859532052604367,-0.406899568841362,-0.5079898289737059,0.6619807878632301,0.39813007608661083,0.3810776989991827
1675181194.1345782,2196327,1675181194,137294327,optitrack_world,0.34738293619644267,-0.16859532052604367,-0.406899568841362,-0.5079898289737059,0.6619807878632301,0.39813007608661083,0.3810776989991827
1675181194.1447873,2196328,1675181194,147460601,optitrack_world,0.3468795065279355,-0.16863387352588494,-0.40724280222611253,-0.5068481650117886,0.6618369044251255,0.39838218181937207,0.38258134661008614
1675181194.154979,2196329,1675181194,157589609,optitrack_world,0.3468795065279355,-0.16863387352588494,-0.40724280222611253,-0.5068481650117886,0.6618369044251255,0.39838218181937207,0.38258134661008614
1675181194.164967,2196330,1675181194,167718190,optitrack_world,0.34646809139374946,-0.16867151863631974,-0.407340849699907,-0.5062171726292954,0.6625651025686278,0.39804109718109665,0.38251136446946865
1675181194.1752026,2196331,1675181194,177849785,optitrack_world,0.34614109402274135,-0.16880766258218122,-0.4072349570135895,-0.5076835423313141,0.6627203269538592,0.3962776059620689,0.3821298838105571
1675181194.1852398,2196332,1675181194,187960993,optitrack_world,0.34609709813993267,-0.16891722309919419,-0.4072172494948803,-0.5085802295215366,0.6625544390951277,0.3956581562979951,0.38186697779466766
1675181194.1954737,2196333,1675181194,198131324,optitrack_world,0.3458258225435449,-0.16885261563752205,-0.40731697961258456,-0.5084909423806618,0.662688066652498,0.39536174159860416,0.3820609651787517
1675181194.2056754,2196334,1675181194,208328911,optitrack_world,0.3456200889794595,-0.16884175877015328,-0.4074991920910811,-0.5085538554774169,0.6623999307297803,0.39508669571959487,0.38276077478447174
1675181194.2157853,2196335,1675181194,218521944,optitrack_world,0.34546910633672984,-0.16886321226860146,-0.4077261433108109,-0.5085599645168716,0.6621450555146361,0.3952235182033165,0.3830522922619189
1675181194.22612,2196336,1675181194,228697937,optitrack_world,0.34527526285988247,-0.16887052657454243,-0.4077212567891297,-0.5090748055586019,0.6622867221138762,0.39482357257519496,0.38253560173673906
1675181194.2361338,2196337,1675181194,238817662,optitrack_world,0.3451841946556148,-0.1688384044935495,-0.4079908899322468,-0.5092674504543099,0.661600266979842,0.3955140456615911,0.38275369407018117
1675181194.2463827,2196338,1675181194,248984078,optitrack_world,0.3448281991518791,-0.16868397575620706,-0.40809831616212366,-0.5092222265203555,0.6615933969669714,0.39487627254567226,0.3834835465672435
1675181194.2564979,2196339,1675181194,259163888,optitrack_world,0.3448281991518791,-0.16868397575620706,-0.40809831616212366,-0.5092222265203555,0.6615933969669714,0.39487627254567226,0.3834835465672435
1675181194.266548,2196340,1675181194,269295108,optitrack_world,0.34450052895028677,-0.16859009391047153,-0.408288031894956,-0.5106359975698528,0.6609323204108605,0.3943264294486567,0.3833092913828604
1675181194.276843,2196341,1675181194,279466272,optitrack_world,0.3443497178314808,-0.16860837052704036,-0.408358602919438,-0.5113497817308789,0.6606399325239388,0.3938574345801404,0.3833439728292316
1675181194.287,2196342,1675181194,289594785,optitrack_world,0.3443497178314808,-0.16860837052704036,-0.408358602919438,-0.5113497817308789,0.6606399325239388,0.3938574345801404,0.3833439728292316
1675181194.2970834,2196343,1675181194,299775335,optitrack_world,0.34406154808485573,-0.16882233688449552,-0.4084392110863069,-0.5123237645676868,0.6608633686495339,0.39287034900005735,0.38267069016708977
1675181194.3071847,2196344,1675181194,309905068,optitrack_world,0.34406154808485573,-0.16882233688449552,-0.4084392110863069,-0.5123237645676868,0.6608633686495339,0.39287034900005735,0.38267069016708977
1675181194.317366,2196345,1675181194,320040559,optitrack_world,0.3436658558061654,-0.16884062572315417,-0.4087494340143293,-0.5114872938218662,0.6617423769746181,0.3925719566336206,0.3825768336421024
1675181194.327444,2196346,1675181194,330174056,optitrack_world,0.34350775584452703,-0.16888230429793955,-0.4089310957928885,-0.5112505108316924,0.6620535910169798,0.3925400802664922,0.38238755625704035
1675181194.3376517,2196347,1675181194,340360595,optitrack_world,0.34350775584452703,-0.16888230429793955,-0.4089310957928885,-0.5112505108316924,0.6620535910169798,0.3925400802664922,0.38238755625704035
1675181194.3477721,2196348,1675181194,350501554,optitrack_world,0.342994312467876,-0.16874388675660634,-0.40926438845151275,-0.5107599337931354,0.6626498567189251,0.39203252215315054,0.3825309908965017
1675181194.3580241,2196349,1675181194,360690304,optitrack_world,0.342994312467876,-0.16874388675660634,-0.40926438845151275,-0.5107599337931354,0.6626498567189251,0.39203252215315054,0.3825309908965017
1675181194.3682253,2196350,1675181194,370831541,optitrack_world,0.34249170927007255,-0.16870456250718396,-0.409748645471565,-0.5103220891099429,0.663352876097056,0.39221581156384805,0.38170811400799354
1675181194.3783267,2196351,1675181194,381019122,optitrack_world,0.3423054045850209,-0.1687180877507829,-0.4098962063983396,-0.5102247010971932,0.6637360559056341,0.39217892190775405,0.3812097791143147
1675181194.3884702,2196352,1675181194,391202511,optitrack_world,0.3420538873265446,-0.16872179784734725,-0.41000075765505556,-0.5100144677575685,0.6644124755350221,0.3917268186757487,0.38077736876233176
1675181194.3987336,2196353,1675181194,401384400,optitrack_world,0.34187015734886633,-0.16865541387605149,-0.4100991907186225,-0.5102335520917568,0.6649313172505924,0.39133072020744375,0.3799846484808878
1675181194.4087663,2196354,1675181194,411516027,optitrack_world,0.34160281857070357,-0.16872139439183398,-0.4101999165025835,-0.5101481490534806,0.665425596885583,0.39100163827734097,0.3795726016076619
1675181194.4190023,2196355,1675181194,421643368,optitrack_world,0.34130779644736015,-0.16882150579575933,-0.4101918796957057,-0.5105002759968716,0.6659329355039176,0.39027091478338555,0.3789609566860318
1675181194.4292681,2196356,1675181194,431822573,optitrack_world,0.3410246986872433,-0.16890226695646632,-0.41032326782761686,-0.5109696324135804,0.665821748808391,0.3896962107725298,0.37911514988773326
1675181194.439217,2196357,1675181194,441971631,optitrack_world,0.34046588478253736,-0.16902577301503513,-0.410657399673645,-0.512537080647576,0.6644446957412847,0.3895774972387239,0.37953703496199664
1675181194.4494095,2196358,1675181194,452125089,optitrack_world,0.34046588478253736,-0.16902577301503513,-0.410657399673645,-0.512537080647576,0.6644446957412847,0.3895774972387239,0.37953703496199664
1675181194.4596293,2196359,1675181194,462311648,optitrack_world,0.33972025356054825,-0.1687330729481838,-0.41118980996971366,-0.5131700712494763,0.6628154081182821,0.3889088486481166,0.3822069075487762
1675181194.4697983,2196360,1675181194,472509155,optitrack_world,0.3393679730962356,-0.16885476773970157,-0.41124044799349,-0.5135891143006851,0.6631972358997208,0.38816322374778417,0.381739387143291
1675181194.4800677,2196361,1675181194,482689187,optitrack_world,0.3393679730962356,-0.16885476773970157,-0.41124044799349,-0.5135891143006851,0.6631972358997208,0.38816322374778417,0.381739387143291
1675181194.4901044,2196362,1675181194,492834046,optitrack_world,0.3374268728777756,-0.1690480014608334,-0.41134125678301553,-0.5097664980659247,0.6680797803066015,0.3887397481725744,0.3777418864592727
1675181194.500308,2196363,1675181194,502951126,optitrack_world,0.3374268728777756,-0.1690480014608334,-0.41134125678301553,-0.5097664980659247,0.6680797803066015,0.3887397481725744,0.3777418864592727
1675181194.5104773,2196364,1675181194,513128795,optitrack_world,0.3371946970588781,-0.1690084986105507,-0.4114968456085195,-0.5102282695413388,0.6680740882996337,0.38898828949483333,0.3768716441168637
1675181194.5206752,2196365,1675181194,523350238,optitrack_world,0.3369677012566787,-0.16895395601631474,-0.41185111055490303,-0.5105007442308545,0.6672890091303357,0.38983094330344065,0.3770228163874809
1675181194.530871,2196366,1675181194,533547003,optitrack_world,0.3365755691679948,-0.1688112560159223,-0.41212685537051696,-0.5104958180511996,0.666838704128828,0.3899217547007152,0.3777316344167342
1675181194.541064,2196367,1675181194,543742421,optitrack_world,0.3360183847098878,-0.16879041055708516,-0.4123493009000956,-0.5127483207117214,0.665629508171838,0.38836419050951,0.37841745861960446
1675181194.5512042,2196368,1675181194,553890136,optitrack_world,0.33599853342517316,-0.16888437915859247,-0.4123929152681063,-0.5147591418899604,0.6645470147357893,0.3879976303781103,0.37796577869885745
1675181194.5614572,2196369,1675181194,564084266,optitrack_world,0.33588905227126475,-0.1691095371370983,-0.41271264214437386,-0.5155721769116319,0.6632929068389324,0.3889788461513749,0.37805199031152514
1675181194.571597,2196370,1675181194,574305651,optitrack_world,0.33565274137638523,-0.16897903157252722,-0.41305347399122805,-0.516077975986343,0.6622611092966223,0.3897858067728689,0.37833949126871574
1675181194.5819077,2196371,1675181194,584521619,optitrack_world,0.33480034585428375,-0.1689528303988111,-0.41330389785984534,-0.5144076708513936,0.6636257452919769,0.3893136206109926,0.37870902175901827
1675181194.5920415,2196372,1675181194,594716755,optitrack_world,0.334156267076251,-0.16896935987038983,-0.4132081800831797,-0.5141473658978546,0.6649089188280811,0.386603106764333,0.37958747824886907
1675181194.6022186,2196373,1675181194,604867693,optitrack_world,0.3338500768446283,-0.16888538046593218,-0.4134534784857033,-0.5145198069120961,0.6647556479749146,0.3863601774406583,0.3795986170530838
1675181194.6124122,2196374,1675181194,615061402,optitrack_world,0.3335881917037336,-0.16885700383918967,-0.41366591184202933,-0.515071543707525,0.6643054244827449,0.3862672026225814,0.37973313793198654
1675181194.6226454,2196375,1675181194,625265611,optitrack_world,0.3333514573656309,-0.1689667570227907,-0.41371424911160076,-0.5160962549893275,0.6642519716632133,0.38573049461833936,0.3789801568011393
1675181194.6326525,2196376,1675181194,635413818,optitrack_world,0.3332255612920973,-0.16906179535436158,-0.4138733945163725,-0.5175830922860322,0.6633749780811575,0.3857555045286614,0.3784627746044389
1675181194.642987,2196377,1675181194,645623874,optitrack_world,0.33274320767161575,-0.16903313679330353,-0.41412064504214335,-0.517668851455122,0.6631996047027516,0.3853660485788369,0.3790491434602939
1675181194.6531346,2196378,1675181194,655806134,optitrack_world,0.33274320767161575,-0.16903313679330353,-0.41412064504214335,-0.517668851455122,0.6631996047027516,0.3853660485788369,0.3790491434602939
1675181194.6632926,2196379,1675181194,666007103,optitrack_world,0.3320078161268062,-0.1689079138547599,-0.4146465558120891,-0.5190413408592838,0.6618965816899961,0.38481074990994574,0.3800127476543917
1675181194.6734555,2196380,1675181194,676202639,optitrack_world,0.33167808379148533,-0.16886448991165207,-0.41496117038575947,-0.5199771126612622,0.6610387022732673,0.3847416090877239,0.38029663506520883
1675181194.6837144,2196381,1675181194,686388108,optitrack_world,0.33167808379148533,-0.16886448991165207,-0.41496117038575947,-0.5199771126612622,0.6610387022732673,0.3847416090877239,0.38029663506520883
1675181194.6939042,2196382,1675181194,696582752,optitrack_world,0.3304213330703804,-0.1688129006278394,-0.41572786534236694,-0.5199134377766049,0.6604383555100316,0.3837115167664503,0.3824613283605385
1675181194.7040877,2196383,1675181194,706779123,optitrack_world,0.3304213330703804,-0.1688129006278394,-0.41572786534236694,-0.5199134377766049,0.6604383555100316,0.3837115167664503,0.3824613283605385
1675181194.7142477,2196384,1675181194,716974317,optitrack_world,0.3302978960782159,-0.16894605761174816,-0.41589598393725224,-0.5217427918132486,0.6594628191398378,0.38401530989214566,0.3813469432570478
1675181194.7245064,2196385,1675181194,727118517,optitrack_world,0.3295524922373676,-0.16914822453553632,-0.4158984514768467,-0.5237713189783529,0.6599979789616105,0.3811441643590104,0.38051990638774424
1675181194.7344966,2196386,1675181194,737252204,optitrack_world,0.3290216352327053,-0.16917735463088734,-0.4161418329127741,-0.5232923498445908,0.6605111445978701,0.3806505433047613,0.38078249478925363
1675181194.744717,2196387,1675181194,747440943,optitrack_world,0.32842224490933497,-0.16908483781355763,-0.4162873763670726,-0.5229105114103599,0.6611645553762876,0.3796378077236884,0.381183896193666
1675181194.7548249,2196388,1675181194,757586895,optitrack_world,0.32827685946713836,-0.16905198830794968,-0.4167252947430674,-0.5233711305548561,0.660174953549682,0.38142370132587,0.3804834431013792
1675181194.7651331,2196389,1675181194,767781292,optitrack_world,0.327890640693675,-0.16901008751719915,-0.4170046074787812,-0.5236629786917388,0.6599375312276958,0.3820166075659101,0.3798984748174477
1675181194.775232,2196390,1675181194,777965403,optitrack_world,0.3271593961848773,-0.1689229566130629,-0.4171458759875863,-0.5236494158348245,0.6607982409696935,0.3815709881310744,0.3788674636913041
1675181194.7854838,2196391,1675181194,788157946,optitrack_world,0.3268351386390192,-0.16891374375215057,-0.41742827479719197,-0.524622592446648,0.6599581039487756,0.3819094405525383,0.37864444501899486
1675181194.7956817,2196392,1675181194,798347039,optitrack_world,0.3263663124127274,-0.16879115444634557,-0.4177590031882687,-0.5255179401533013,0.6586784195505381,0.3820892336703547,0.3794488789134017
1675181194.805974,2196393,1675181194,808538461,optitrack_world,0.3260260299414391,-0.1691790787559105,-0.41790301897665005,-0.5276742835706127,0.6569999090923742,0.38251740018276753,0.3789345701678184
1675181194.815974,2196394,1675181194,818692396,optitrack_world,0.32683425778851827,-0.169260264463642,-0.4188063664818083,-0.5329443365190502,0.6511973861111783,0.3878582159569502,0.3761360163676568
1675181194.8261616,2196395,1675181194,828881243,optitrack_world,0.3264307607272632,-0.16912469141400355,-0.4190701770172689,-0.5355576148286457,0.6488494672881202,0.38699168600795086,0.37737228960232133
1675181194.836339,2196396,1675181194,839077874,optitrack_world,0.32620933884115844,-0.16898073349798218,-0.4194529293943127,-0.538582410746063,0.6462534406539426,0.3883894167763275,0.376083951018977
1675181194.846587,2196397,1675181194,849302885,optitrack_world,0.3260205891192229,-0.16914236658422457,-0.4193522398715729,-0.5425256488008064,0.6440750168428456,0.3882328923785795,0.3743107189855969
1675181194.85682,2196398,1675181194,859484689,optitrack_world,0.3260205891192229,-0.16914236658422457,-0.4193522398715729,-0.5425256488008064,0.6440750168428456,0.3882328923785795,0.3743107189855969
1675181194.8669274,2196399,1675181194,869631127,optitrack_world,0.325902788084327,-0.16906773747409873,-0.41998604197629347,-0.5485777586978947,0.6377983797185571,0.3917114717960565,0.37260943674811164
1675181194.8772724,2196400,1675181194,879838340,optitrack_world,0.3258783680340944,-0.1690171031229616,-0.4199937921854398,-0.5521666423235185,0.6351945657268475,0.392169455891574,0.37127211131723853
1675181194.8873067,2196401,1675181194,889988466,optitrack_world,0.32351634923756256,-0.1691229300006585,-0.4194558891046002,-0.5505575449968455,0.6387685862580432,0.3834201517382723,0.3766298847648011
1675181194.8975306,2196402,1675181194,900190890,optitrack_world,0.3254219572968204,-0.1692343560052731,-0.4199200427086598,-0.5575341800115725,0.631720651033728,0.39229824331207785,0.3690348838126339
1675181194.907829,2196403,1675181194,910381196,optitrack_world,0.3234855299431721,-0.16918137318691293,-0.4195860552260284,-0.5566756484496032,0.6335275254315971,0.3841932129885436,0.3757002422640561
1675181194.917898,2196404,1675181194,920528912,optitrack_world,0.32550737686576176,-0.16923892685682845,-0.42054580238506595,-0.5620449981397755,0.625551515077763,0.39563550388632207,0.369138551379548
1675181194.9281092,2196405,1675181194,930694006,optitrack_world,0.3231344157907526,-0.16903428741662638,-0.4199816684294692,-0.5598120864545271,0.6295527111341539,0.38564267596609997,0.3762360140081907
1675181194.9381304,2196406,1675181194,940841218,optitrack_world,0.32509166340558837,-0.1690354158902556,-0.4205449297078059,-0.565459910720463,0.6230385128860787,0.3959290936457173,0.3678562948130566
1675181194.9483433,2196407,1675181194,951007755,optitrack_world,0.32503511142809377,-0.16895078092997518,-0.42055160556433396,-0.5671322291402925,0.6216792584636505,0.397009225773425,0.3664145315312074
1675181194.958401,2196408,1675181194,961186918,optitrack_world,0.3227704206260393,-0.16889006117392108,-0.420544900476947,-0.5626813922244359,0.6250987089225164,0.38912941824181035,0.37579189827158854
1675181194.968623,2196409,1675181194,971369077,optitrack_world,0.3245656755510265,-0.16882253293584526,-0.4214057921651645,-0.5666983765012324,0.6190511964944458,0.40053689272019816,0.3676938451479857
1675181194.9787688,2196410,1675181194,981510549,optitrack_world,0.32458494644034536,-0.16871975528359556,-0.4215210427372358,-0.5680512169273493,0.6171338935094659,0.40191346293406816,0.3673270215238052
1675181194.9888978,2196411,1675181194,991648454,optitrack_world,0.3244340851308456,-0.16875947545941594,-0.4214637247586773,-0.5696151483785692,0.6160030713015606,0.4023700268278578,0.36630200708602995
1675181194.9991229,2196412,1675181195,1779351,optitrack_world,0.32425994047148826,-0.168556676696759,-0.4217952967923332,-0.5702409858632852,0.614148621446054,0.4041554975604297,0.36647649666692345
1675181195.009229,2196413,1675181195,11912002,optitrack_world,0.3219781643254372,-0.16897540907121927,-0.4207122378783113,-0.5686238122910965,0.6192110902779365,0.3925616037119521,0.37301470891031785
1675181195.0193162,2196414,1675181195,22041138,optitrack_world,0.3219490628455151,-0.16894601610278603,-0.4209995236383204,-0.5712334277169218,0.6160079885977499,0.39459961429355794,0.3721796252374733
1675181195.029394,2196415,1675181195,32174645,optitrack_world,0.3218330303531396,-0.16896347806308004,-0.42122511323755657,-0.57190854539446,0.6147195086712046,0.3956201496928348,0.372189788308122
1675181195.0395203,2196416,1675181195,42312918,optitrack_world,0.32172487697053254,-0.16889148495700504,-0.4213218783306722,-0.5728254979270657,0.6138054288187448,0.39584683418351363,0.37204721252031425
1675181195.0497694,2196417,1675181195,52465889,optitrack_world,0.32172487697053254,-0.16889148495700504,-0.4213218783306722,-0.5728254979270657,0.6138054288187448,0.39584683418351363,0.37204721252031425
1675181195.0598018,2196418,1675181195,62597689,optitrack_world,0.32153044108470485,-0.16880962630734014,-0.4215196933419891,-0.5746762011116435,0.6118730324033749,0.3962721498592988,0.3719234320922491
1675181195.0699832,2196419,1675181195,72731902,optitrack_world,0.32144067372004054,-0.16878843411165564,-0.42156990975245195,-0.5753996766673353,0.611248097767063,0.3961792279726062,0.3719314377547328
1675181195.0801678,2196420,1675181195,82865208,optitrack_world,0.32144067372004054,-0.16878843411165564,-0.42156990975245195,-0.5753996766673353,0.611248097767063,0.3961792279726062,0.3719314377547328
1675181195.0904398,2196421,1675181195,93052010,optitrack_world,0.3210633041402866,-0.1688578495432418,-0.42172832874927696,-0.574656133872875,0.6121205004141123,0.39647894211325235,0.3713263648541719
1675181195.100541,2196422,1675181195,103243079,optitrack_world,0.3210633041402866,-0.1688578495432418,-0.42172832874927696,-0.574656133872875,0.6121205004141123,0.39647894211325235,0.3713263648541719
1675181195.1106749,2196423,1675181195,113387929,optitrack_world,0.32323701288161855,-0.16868870446775172,-0.4225358788747682,-0.5777547685093027,0.6071552229369129,0.40760701686032874,0.3625168720644782
1675181195.1207883,2196424,1675181195,123577598,optitrack_world,0.322888950096014,-0.16864526652680684,-0.4227208700311863,-0.575752166656199,0.609268066874333,0.4084991132400062,0.3611514083594778
1675181195.1309893,2196425,1675181195,133715971,optitrack_world,0.322888950096014,-0.16864526652680684,-0.4227208700311863,-0.575752166656199,0.609268066874333,0.4084991132400062,0.3611514083594778
1675181195.141264,2196426,1675181195,143904430,optitrack_world,0.32041577334197396,-0.1688743211615114,-0.42195862074246665,-0.5716392303060893,0.616242997774481,0.3980490081950496,0.36746448147259103
1675181195.1513872,2196427,1675181195,154048227,optitrack_world,0.32239407911128287,-0.16875832812422034,-0.4228439695584601,-0.5748695729778739,0.6110987403009367,0.40880293974111154,0.3591148286076062
1675181195.161562,2196428,1675181195,164237683,optitrack_world,0.3200904119204932,-0.1688551149910002,-0.4222963850939198,-0.5712847170250949,0.6162399684100959,0.3985128448591994,0.3675181436469623
1675181195.1717296,2196429,1675181195,174383691,optitrack_world,0.31998973504812855,-0.16886168921010342,-0.4223410239438212,-0.571663757614588,0.6160876337295091,0.3983193683283745,0.3673938712200145
1675181195.181939,2196430,1675181195,184574279,optitrack_world,0.31986927470223603,-0.16891819812419423,-0.42227364753519947,-0.57230172519255,0.6160911526264436,0.3981985793607986,0.36652464909210797
1675181195.1921325,2196431,1675181195,194762824,optitrack_world,0.31982329319408925,-0.1688653579788984,-0.4223959408340323,-0.572585760289756,0.6155764702027962,0.39858448011580255,0.3665263546552738
1675181195.2023616,2196432,1675181195,204950634,optitrack_world,0.3218131078205269,-0.16878926544171752,-0.42315051099407974,-0.5760544825242802,0.6102801602853085,0.408835239098527,0.3585709224087647
1675181195.212484,2196433,1675181195,215147960,optitrack_world,0.3196737843636854,-0.16894267447842157,-0.42242672761125366,-0.5727563061268043,0.6155230104941649,0.39876960163193836,0.3661481150552105
1675181195.2225194,2196434,1675181195,225290964,optitrack_world,0.31962511086022105,-0.16893075592579976,-0.42247820623086496,-0.5727231847966514,0.6153656501672534,0.39900728604025754,0.36620548313399454
1675181195.2327423,2196435,1675181195,235491138,optitrack_world,0.319523520339946,-0.1688673464584659,-0.42255506990819686,-0.5725141692562816,0.6152203763577743,0.39954305769537235,0.36619224399544686
1675181195.2428946,2196436,1675181195,245636454,optitrack_world,0.31943082724124683,-0.16882016616285747,-0.4226894797638747,-0.5722527386564511,0.6148929347047206,0.4000086794576785,0.366642248396079
1675181195.25308,2196437,1675181195,255814835,optitrack_world,0.31943082724124683,-0.16882016616285747,-0.4226894797638747,-0.5722527386564511,0.6148929347047206,0.4000086794576785,0.366642248396079
1675181195.263268,2196438,1675181195,265965754,optitrack_world,0.3192644699910865,-0.16888469737546313,-0.4225961613869627,-0.5728447405320305,0.6144938823647018,0.39956167517297153,0.36687414669626883
1675181195.2733629,2196439,1675181195,276104038,optitrack_world,0.3193465466651114,-0.1689387192722532,-0.42245181498366186,-0.5743795109105562,0.6136287798238822,0.39924695053044884,0.36626461815215117
1675181195.283498,2196440,1675181195,286229315,optitrack_world,0.3193465466651114,-0.1689387192722532,-0.42245181498366186,-0.5743795109105562,0.6136287798238822,0.39924695053044884,0.36626461815215117
1675181195.2937188,2196441,1675181195,296407187,optitrack_world,0.31921867108654656,-0.16902996482768978,-0.4224209873883022,-0.5771838121325096,0.6107187268432843,0.3991824085320524,0.3667899786167163
1675181195.303901,2196442,1675181195,306579008,optitrack_world,0.31921867108654656,-0.16902996482768978,-0.4224209873883022,-0.5771838121325096,0.6107187268432843,0.3991824085320524,0.3667899786167163
1675181195.3141465,2196443,1675181195,316767349,optitrack_world,0.3190192843468458,-0.1689686972073724,-0.4226876642511127,-0.5782152790263342,0.6086427825017696,0.39958168216899526,0.3681786708705412
1675181195.324346,2196444,1675181195,326879839,optitrack_world,0.32354056659559177,-0.17021980290806393,-0.42142730793683997,0.5986966668541986,-0.5952453676533079,-0.3975193124283071,-0.3594769111243129
1675181195.3342714,2196445,1675181195,336995695,optitrack_world,0.32354056659559177,-0.17021980290806393,-0.42142730793683997,0.5986966668541986,-0.5952453676533079,-0.3975193124283071,-0.3594769111243129
1675181195.3444042,2196446,1675181195,347184760,optitrack_world,0.32303637354481973,-0.17060987770464686,-0.42194528386394786,0.6017925870840601,-0.5898237310844269,-0.3980192476771437,-0.36267661471183965
1675181195.3546133,2196447,1675181195,357355752,optitrack_world,0.3229765609555431,-0.17059137888351744,-0.42186585717856734,0.6039450529285896,-0.5874471317306953,-0.39782659324376907,-0.3631669618405824
1675181195.3647835,2196448,1675181195,367512733,optitrack_world,0.3228573481000222,-0.1701481049498224,-0.42161878478108916,0.6049264899152461,-0.5866052348078946,-0.39695954653097937,-0.3638424916261344
1675181195.374857,2196449,1675181195,377604515,optitrack_world,0.3226940078340277,-0.1707153240292314,-0.4219104666685878,0.6061872623856297,-0.5846466685202483,-0.3973357730603426,-0.3644853348985806
1675181195.3849726,2196450,1675181195,387698887,optitrack_world,0.32252985439822757,-0.1706379654043605,-0.42202913652742696,0.6064210067143985,-0.583634824237256,-0.3973805791005044,-0.36566737604931415
1675181195.395115,2196451,1675181195,397813064,optitrack_world,0.3225316849793732,-0.17062173186669907,-0.4220125141111404,0.6069285038447144,-0.583011804652514,-0.3972528315782227,-0.36595794110760815
1675181195.4052896,2196452,1675181195,407989912,optitrack_world,0.322501864964172,-0.17061796121950762,-0.42198357570889317,0.6070991037507237,-0.5827675736206911,-0.39713292748348833,-0.36619403500018244
1675181195.41538,2196453,1675181195,418104687,optitrack_world,0.3225272154658163,-0.1706244525171115,-0.4220224909893522,0.606931309826965,-0.5827390398574542,-0.39749629510079276,-0.36612332889189214
1675181195.4255686,2196454,1675181195,428261119,optitrack_world,0.32249614350448635,-0.17059488570563866,-0.42214379848726336,0.6061895111335315,-0.5830445877184773,-0.39814275393151755,-0.3661633963351714
1675181195.4356527,2196455,1675181195,438389937,optitrack_world,0.32249025736447906,-0.17061353806323312,-0.42215049267642335,0.6058066735909222,-0.5834710158490588,-0.3983817566364307,-0.36585765521038505
1675181195.4459357,2196456,1675181195,448562861,optitrack_world,0.3224978158645255,-0.1706471927138587,-0.4221013948869729,0.6057164682145185,-0.5838519047398719,-0.39840397721406184,-0.3653748546429696
1675181195.4560404,2196457,1675181195,458737474,optitrack_world,0.3224978158645255,-0.1706471927138587,-0.4221013948869729,0.6057164682145185,-0.5838519047398719,-0.39840397721406184,-0.3653748546429696
1675181195.4661734,2196458,1675181195,468879179,optitrack_world,0.3225300215236629,-0.1706505902913977,-0.4221207255583257,0.6059413552458155,-0.5835846646178459,-0.39871766776803436,-0.36508661251182584
1675181195.4763813,2196459,1675181195,479063156,optitrack_world,0.3224773428206177,-0.1706141572133849,-0.4222012369046734,0.6058892272850169,-0.5832869198062196,-0.398862164675804,-0.3654908850205016
1675181195.4865086,2196460,1675181195,489231013,optitrack_world,0.3224773428206177,-0.1706141572133849,-0.4222012369046734,0.6058892272850169,-0.5832869198062196,-0.398862164675804,-0.3654908850205016
1675181195.496709,2196461,1675181195,499409434,optitrack_world,0.3224451846759053,-0.17058372182368325,-0.42228242667589144,0.606149949060439,-0.5829059385955042,-0.3987303206307211,-0.36581011114216583
1675181195.5068378,2196462,1675181195,509537317,optitrack_world,0.3224451846759053,-0.17058372182368325,-0.42228242667589144,0.606149949060439,-0.5829059385955042,-0.3987303206307211,-0.36581011114216583
1675181195.5169954,2196463,1675181195,519668580,optitrack_world,0.32240422356150533,-0.1706304625301066,-0.42218008317792005,0.6063336371701905,-0.5833593001216197,-0.3983087911368107,-0.3652417751308223
1675181195.5271125,2196464,1675181195,529796575,optitrack_world,0.3223292079205514,-0.1706800819560212,-0.42221417835534547,0.6058065071760973,-0.5842507142324966,-0.3986634245504192,-0.3643035172869552
1675181195.537291,2196465,1675181195,539975598,optitrack_world,0.3223292079205514,-0.1706800819560212,-0.42221417835534547,0.6058065071760973,-0.5842507142324966,-0.3986634245504192,-0.3643035172869552
1675181195.547473,2196466,1675181195,550172524,optitrack_world,0.32230310891984754,-0.17064842515643092,-0.4222861215501871,0.6056076784643908,-0.5843352386761492,-0.3990388383592823,-0.364087453927121
1675181195.5576816,2196467,1675181195,560338204,optitrack_world,0.32230310891984754,-0.17064842515643092,-0.4222861215501871,0.6056076784643908,-0.5843352386761492,-0.3990388383592823,-0.364087453927121
1675181195.5678575,2196468,1675181195,570463396,optitrack_world,0.3222080612979985,-0.17060195218159915,-0.4223896407383546,0.6053802224008099,-0.5841313635962123,-0.39907727929706976,-0.3647501357614881
1675181195.5779142,2196469,1675181195,580640806,optitrack_world,0.3222157792247794,-0.17055745590915303,-0.4224552919413499,0.6058201663543711,-0.5833589046826269,-0.39897569725604093,-0.36536653837605887
1675181195.5881207,2196470,1675181195,590820428,optitrack_world,0.3221547248865852,-0.17057230633220585,-0.4224012430917622,0.60586968586475,-0.5834398317675513,-0.3985582388404818,-0.36561074479502675
1675181195.598389,2196471,1675181195,601000062,optitrack_world,0.3221547600509395,-0.17057706692591706,-0.4224285592071141,0.6057521641639093,-0.5834057123845726,-0.3986283398163805,-0.3657834565190529
1675181195.608416,2196472,1675181195,611122611,optitrack_world,0.3221860378507829,-0.17056935744381552,-0.42243352375568977,0.605697683065235,-0.5833917512428396,-0.39866302738393117,-0.36585813084896424
1675181195.6185496,2196473,1675181195,621261641,optitrack_world,0.3221573426297416,-0.17059323513556934,-0.42245178308722775,0.6052849523228014,-0.5837329316327254,-0.39883741701933706,-0.3658069242160285
1675181195.6287842,2196474,1675181195,631436036,optitrack_world,0.3221897260201767,-0.17061744192174383,-0.42234747346581164,0.6053278346782442,-0.5841035502268659,-0.3988691842324058,-0.3651090645901503
1675181195.6388104,2196475,1675181195,641566991,optitrack_world,0.3221171797798008,-0.17059032375333272,-0.4225069694213197,0.6046347299927629,-0.5841173168714879,-0.3994304338287173,-0.36562156931564543
1675181195.6491387,2196476,1675181195,651743586,optitrack_world,0.3221191500917089,-0.17062173629741242,-0.42243575177934284,0.6048787658231813,-0.5841583394434119,-0.39948890055422376,-0.3650881146366149
1675181195.6592462,2196477,1675181195,661873857,optitrack_world,0.3221191500917089,-0.17062173629741242,-0.42243575177934284,0.6048787658231813,-0.5841583394434119,-0.39948890055422376,-0.3650881146366149
1675181195.6693172,2196478,1675181195,672064723,optitrack_world,0.321838088276106,-0.17049478587410416,-0.4223536056982632,0.6055364205024844,-0.5834527238814455,-0.39990339373687356,-0.36467223381838565
1675181195.6795216,2196479,1675181195,682257162,optitrack_world,0.3218404870931572,-0.1705647852257619,-0.4224418543491411,0.6061563732796672,-0.5825111628933617,-0.39991685201253935,-0.3651324522874472
1675181195.6897,2196480,1675181195,692448569,optitrack_world,0.32176939033182955,-0.17058448997310324,-0.42245139839289525,0.6063598021865473,-0.5822200654773608,-0.3996981558318457,-0.3654982487953267
1675181195.6999598,2196481,1675181195,702624658,optitrack_world,0.32176939033182955,-0.17058448997310324,-0.42245139839289525,0.6063598021865473,-0.5822200654773608,-0.3996981558318457,-0.3654982487953267
1675181195.7101078,2196482,1675181195,712806007,optitrack_world,0.32186086026146077,-0.1705447644753142,-0.4224556435641811,0.606831736848202,-0.581553788794522,-0.3998984927679843,-0.36555660214859387
1675181195.7203126,2196483,1675181195,723038218,optitrack_world,0.3219960353364928,-0.17062657801256853,-0.4223765687554088,0.6072220512089352,-0.5816155580351441,-0.39937176081998815,-0.36538598746616313
1675181195.7305014,2196484,1675181195,733224886,optitrack_world,0.3219960353364928,-0.17062657801256853,-0.4223765687554088,0.6072220512089352,-0.5816155580351441,-0.39937176081998815,-0.36538598746616313
1675181195.7407267,2196485,1675181195,743424411,optitrack_world,0.32185478603058304,-0.17056962792704683,-0.4225074077168174,0.6058000938656972,-0.5826215337249226,-0.4001262973010611,-0.36531813658847295
1675181195.750842,2196486,1675181195,753550869,optitrack_world,0.32185478603058304,-0.17056962792704683,-0.4225074077168174,0.6058000938656972,-0.5826215337249226,-0.4001262973010611,-0.36531813658847295
1675181195.7609742,2196487,1675181195,763713097,optitrack_world,0.32192988860974414,-0.17054351382141505,-0.4224902567281712,0.6059143840962481,-0.5825343991658022,-0.4001206109356961,-0.36527377354286955
1675181195.7711592,2196488,1675181195,773834621,optitrack_world,0.3218487144249885,-0.17049383813136076,-0.42240701367558237,0.605668485452591,-0.5830080539549524,-0.3998461798665078,-0.36522640539723344
1675181195.781428,2196489,1675181195,784023045,optitrack_world,0.3218728238180181,-0.17058875483912297,-0.4225190502240498,0.605911855572634,-0.5824931016838788,-0.40017799696001727,-0.365280961064617
1675181195.7914956,2196490,1675181195,794159318,optitrack_world,0.3218842508427546,-0.17057503844762734,-0.4225135866509469,0.6062691828134301,-0.5819734038902081,-0.400046710873855,-0.36566003918146506
1675181195.8015473,2196491,1675181195,804295295,optitrack_world,0.32181712866259055,-0.17061713673410572,-0.42249512370961156,0.6063837607259326,-0.5819541568910936,-0.39978498873966917,-0.3657869007816903
1675181195.8117197,2196492,1675181195,814436178,optitrack_world,0.3217802062747119,-0.17057642758448624,-0.42254826884938324,0.6065511387594914,-0.5814183823630974,-0.4002483569244194,-0.3658546617157499
1675181195.821912,2196493,1675181195,824624275,optitrack_world,0.3218002641044228,-0.17058259100399772,-0.4225166094746625,0.6070077180284245,-0.5810458024602361,-0.39989700498409625,-0.3660734777363893
1675181195.8321211,2196494,1675181195,834844058,optitrack_world,0.3217948501876763,-0.17058554765768943,-0.4224849072347996,0.6072784484790203,-0.5808602881611604,-0.3997599521043887,-0.36606856235375435
1675181195.842439,2196495,1675181195,845033106,optitrack_world,0.32179015089638985,-0.170540053368386,-0.4225421972051225,0.6072712630598793,-0.5805805892916132,-0.40005139252964267,-0.3662057833166426
1675181195.8524373,2196496,1675181195,855163129,optitrack_world,0.32179015089638985,-0.170540053368386,-0.4225421972051225,0.6072712630598793,-0.5805805892916132,-0.40005139252964267,-0.3662057833166426
1675181195.8625975,2196497,1675181195,865350354,optitrack_world,0.3217896086686447,-0.17051457527855352,-0.42255913864258754,0.6074973147949267,-0.5802877293926972,-0.40003728720976434,-0.366310431840364
1675181195.872893,2196498,1675181195,875538436,optitrack_world,0.321856327459313,-0.17053374937751026,-0.42253154090792916,0.6079224031417297,-0.5800289401723399,-0.3998649738036623,-0.3662031991202875
1675181195.8830147,2196499,1675181195,885663068,optitrack_world,0.321856327459313,-0.17053374937751026,-0.42253154090792916,0.6079224031417297,-0.5800289401723399,-0.3998649738036623,-0.3662031991202875
1675181195.8931057,2196500,1675181195,895821705,optitrack_world,0.32189214601464905,-0.1705770191690454,-0.4223340104600237,0.6088105709565962,-0.5799345534374223,-0.3991964360899144,-0.36560608287329116
1675181195.9032364,2196501,1675181195,905940501,optitrack_world,0.32189214601464905,-0.1705770191690454,-0.4223340104600237,0.6088105709565962,-0.5799345534374223,-0.3991964360899144,-0.36560608287329116
1675181195.9134076,2196502,1675181195,916131984,optitrack_world,0.3219065027170268,-0.1705681819633576,-0.4223542578679118,0.6089059327885645,-0.579723957628379,-0.3991564883589051,-0.3658248156803536
1675181195.9235985,2196503,1675181195,926275972,optitrack_world,0.32187404733994934,-0.17057180594424626,-0.42235980790531275,0.6089097063943236,-0.5797126827360445,-0.3988051251995538,-0.3662193974222628
1675181195.9337194,2196504,1675181195,936401430,optitrack_world,0.32187404733994934,-0.17057180594424626,-0.42235980790531275,0.6089097063943236,-0.5797126827360445,-0.3988051251995538,-0.3662193974222628
1675181195.9438367,2196505,1675181195,946543395,optitrack_world,0.32173602004159485,-0.17059046392138716,-0.42236358860197526,0.6086738787473109,-0.5800136847408799,-0.398358351071961,-0.3666208654389972
1675181195.9540546,2196506,1675181195,956711560,optitrack_world,0.32173602004159485,-0.17059046392138716,-0.42236358860197526,0.6086738787473109,-0.5800136847408799,-0.398358351071961,-0.3666208654389972
1675181195.9642594,2196507,1675181195,966905475,optitrack_world,0.3218267401113534,-0.17053610867305252,-0.42237932859626187,0.6089873156856754,-0.579539884152898,-0.39841449839960397,-0.3667885759875747
1675181195.974436,2196508,1675181195,977091618,optitrack_world,0.3217811272679435,-0.17056793478451843,-0.42235714364580246,0.6091802430191174,-0.5794448831171525,-0.3979739366276668,-0.36709645150776965
1675181195.9845543,2196509,1675181195,987229772,optitrack_world,0.32185148028930655,-0.17057835763918977,-0.4223589086382337,0.6094837866144465,-0.5791066074467227,-0.39787744501693006,-0.3672309761069498
1675181195.9946465,2196510,1675181195,997366364,optitrack_world,0.3218138586888779,-0.17058450169282058,-0.42238185877312084,0.6093136994192613,-0.5792676883291826,-0.39772279187818976,-0.3674266481604147
1675181196.0048547,2196511,1675181196,7574881,optitrack_world,0.32183578517207,-0.1706311276606884,-0.42231392565517456,0.6094300640350336,-0.5795155973659047,-0.39740244237359895,-0.3671892812370642
1675181196.0150516,2196512,1675181196,17724079,optitrack_world,0.3218362863777919,-0.1706047725633804,-0.4223843907080112,0.6089907622647585,-0.5798082025714534,-0.3976603193273696,-0.36717702833851623
1675181196.0251946,2196513,1675181196,27907745,optitrack_world,0.3217632515750327,-0.17069878078144854,-0.42233851604635486,0.6086238095497907,-0.5806285287309684,-0.3972542397321599,-0.3669286566727035
1675181196.0353656,2196514,1675181196,38046473,optitrack_world,0.32176924105510185,-0.17068799539503288,-0.4223626035474503,0.6082988073508667,-0.5810276907879537,-0.39734824268138913,-0.36673390564705516
1675181196.0455272,2196515,1675181196,48233781,optitrack_world,0.32184802581350025,-0.17069222520685612,-0.4223839104262573,0.6081823770530901,-0.5812957354048589,-0.39747410367005925,-0.36636566590479
1675181196.0556538,2196516,1675181196,58375994,optitrack_world,0.3218885611370591,-0.17071783508123425,-0.4224781903812975,0.607584909487145,-0.5817785355650512,-0.3977279503633512,-0.3663151523197612
1675181196.0659852,2196517,1675181196,68563613,optitrack_world,0.3219459233203528,-0.17071525232268442,-0.422627664889345,0.6070091146874751,-0.5819873176525399,-0.3981267100572859,-0.3665048697041981
1675181196.0760438,2196518,1675181196,78750016,optitrack_world,0.3219459587367588,-0.17074243785751975,-0.42262113029868964,0.606584739473632,-0.5825226919055699,-0.3980458450826608,-0.3664447741000338
1675181196.086242,2196519,1675181196,88892792,optitrack_world,0.32196576429391177,-0.17075512693076944,-0.4226026067345627,0.6064427094800423,-0.5828847821303902,-0.3979516734376189,-0.36620627587127896
1675181196.0964184,2196520,1675181196,99080444,optitrack_world,0.3220139200128678,-0.17000618606696571,-0.4224103036461944,0.6057788149554739,-0.5835318488173672,-0.3976759324897056,-0.3665739509094586
1675181196.1065702,2196521,1675181196,109243289,optitrack_world,0.32192760599104153,-0.17068450135937432,-0.42263103248255524,0.6054156058752073,-0.5839309488030192,-0.3978442768582637,-0.36635573226563095
1675181196.1165805,2196522,1675181196,119362518,optitrack_world,0.32202353149069907,-0.170651000131388,-0.42273305714321224,0.6051850507338409,-0.5838384170969269,-0.39837148967985536,-0.36631122464413524
1675181196.1268508,2196523,1675181196,129536487,optitrack_world,0.32202133423764673,-0.1706450881861794,-0.4227437018306076,0.6048990576932622,-0.5842414247463452,-0.39856627968353914,-0.365928966209819
1675181196.137091,2196524,1675181196,139711275,optitrack_world,0.322056384104612,-0.1706767593375424,-0.42271294139888504,0.6048064324057663,-0.584544151180233,-0.39851901030162723,-0.3656499871048841
1675181196.1472554,2196525,1675181196,149906039,optitrack_world,0.32200029820029297,-0.1706915275923066,-0.42268824994030507,0.6046633058348152,-0.5849485288134272,-0.3981630254280247,-0.365627830447741
1675181196.157456,2196526,1675181196,160095822,optitrack_world,0.3220437642622124,-0.17070779625245305,-0.4226330179464183,0.6048504282617776,-0.5850119939006596,-0.39810961238010034,-0.3652747773313745
1675181196.167482,2196527,1675181196,170210368,optitrack_world,0.32201962139650575,-0.17071660608580574,-0.4226729942118714,0.6047449246086726,-0.58483649286722,-0.3981846341615084,-0.3656485332781835
1675181196.1777232,2196528,1675181196,180383194,optitrack_world,0.3220364188499941,-0.17069224745262118,-0.4226991075313097,0.6049263596708803,-0.5845092919846425,-0.39820148407812095,-0.3658532014851456
1675181196.1879175,2196529,1675181196,190571248,optitrack_world,0.3219412628652848,-0.17070611958190918,-0.42268003054784686,0.6049545579904532,-0.5845970011858367,-0.39765882049813017,-0.36625645584909233
